19670101
28.0
21.3
26.0
10.6
11.9
39.2
12.4
0.0
0.0
17.6
11.8
0.0
0.0
16.8
8.2
0.0
0.0
25.0
2.6
3.6
0.0
4.8
19.2
0.0
0.0
0.0
0.0
0.0
0.0
0.0
0.0
0.0
0.0
11.7
9.5
6.3
2.1
25.9
3.8
1.0
0.0
7.9
10.9
0.1
4.9
0.0
0.0
6.2
0.0
0.0
4.1
1.9
0.0
0.2
7.6
28.1
0.0
1.8
0.0
0.0
0.0
0.0
0.0
0.0
0.0
0.0
0.0
0.0
0.0
0.0
1.0
0.0
0.0
0.0
2.8
35.0
0.0
0.0
0.0
1.0
0.0
0.0
1.0
0.0
0.0
0.0
1.0
4.8
0.0
3.8
5.0
5.8
18.0
3.6
11.0
0.0
0.0
0.0
0.0
0.0
0.0
6.8
28.0
1.8
8.0
48.0
12.0
0.0
0.0
0.0
4.8
0.0
0.0
0.0
0.0
0.0
0.0
0.0
0.0
0.0
0.0
0.0
0.0
0.0
0.0
0.0
0.0
10.8
0.0
0.0
0.0
0.0
0.0
0.0
0.0
0.0
10.0
4.0
0.0
0.0
0.0
0.0
0.0
0.0
0.0
0.0
0.0
0.0
0.0
0.0
0.0
0.0
0.0
0.0
0.0
0.0
0.0
0.0
0.0
0.0
0.0
0.0
0.0
0.0
0.0
0.0
0.0
0.0
0.0
0.0
0.0
0.0
0.0
0.0
0.0
0.0
0.0
0.0
0.0
0.0
0.0
0.0
4.8
0.0
0.0
1.0
0.0
0.0
0.0
0.0
0.0
0.0
0.0
0.0
0.0
0.0
0.0
0.0
0.0
0.0
1.0
0.0
0.0
0.0
0.0
0.0
0.0
0.0
0.0
0.0
0.0
0.0
0.0
0.0
0.0
0.0
0.0
0.0
0.0
0.0
0.0
0.0
0.0
0.0
0.0
0.0
0.0
0.0
0.0
0.0
0.0
0.0
0.0
0.0
0.0
0.0
0.0
0.0
0.0
0.0
0.0
0.0
0.0
0.0
0.0
0.0
0.0
0.0
0.0
0.0
0.0
0.0
0.0
0.0
0.0
0.0
0.0
0.0
0.0
0.0
0.0
0.0
0.0
0.0
0.0
0.0
0.0
5.0
3.8
1.0
0.0
0.0
0.0
0.0
0.0
0.0
0.0
8.0
0.0
0.0
0.0
0.0
0.0
0.0
15.0
0.0
0.0
0.0
1.0
2.5
0.0
4.0
0.0
0.0
0.0
25.0
0.0
11.0
15.0
12.0
0.0
0.0
29.5
0.0
25.0
0.0
0.0
0.0
0.0
0.0
0.0
35.0
1.0
0.0
0.0
0.0
0.0
49.0
0.0
11.0
5.0
10.0
0.0
0.0
35.0
0.0
0.0
22.0
10.0
0.0
0.0
8.0
0.0
12.0
8.0
9.0
0.0
12.0
0.0
14.0
34.0
8.0
0.0
8.0
0.0
6.0
18.0
10.0
0.0
0.0
9.5
6.0
0.0
18.0
3.0
1.0
0.0
21.0
11.0
21.0
8.0
10.0
0.0
13.0
28.0
6.0
8.0
5.5
10.0
3.0
2.5
4.0
6.0
0.0
0.0
0.0
0.0
0.0
0.0
0.0
0.0
0.0
0.0
0.0
0.0
0.0
0.0
3.5
0.0
0.0
0.0
25.0
27.0
0.0
0.0
0.0
0.0
0.0
0.0
8.0
50.0
0.0
0.0
10.0
0.0
0.0
19.0
12.0
0.0
6.0
8.0
0.0
0.0
0.0
0.0
0.0
0.0
0.0
11.5
8.0
14.0
6.0
9.0
3.0
36.0
12.0
9.0
0.0
8.5
0.0
6.5
6.0
0.0
4.0
0.0
6.5
5.0
14.5
21.0
20.5
0.0
1.0
8.0
0.0
20.0
8.5
8.5
0.0
8.0
13.0
9.0
11.0
5.0
2.5
0.0
0.0
0.0
0.0
0.0
0.0
0.0
0.0
0.0
0.0
17.5
8.0
0.0
0.0
0.0
0.0
0.0
0.0
0.0
0.0
0.0
0.0
0.0
0.0
0.0
0.0
0.0
0.0
0.0
0.0
10.0
5.0
0.0
0.0
0.0
11.3
0.0
0.0
0.0
0.0
0.0
0.0
0.0
6.2
0.0
0.0
16.8
0.0
0.0
0.0
0.0
5.3
8.4
0.0
0.0
0.0
0.0
0.0
0.0
0.0
0.0
16.2
0.0
0.0
0.0
0.0
0.0
0.0
0.0
0.0
0.0
0.0
0.0
0.0
0.0
0.0
0.0
0.0
0.0
0.0
0.0
0.0
0.0
0.0
0.0
0.0
0.0
0.0
0.0
0.0
0.0
0.0
0.0
0.0
0.0
0.0
0.0
0.0
0.0
0.0
0.0
0.0
0.0
0.0
0.0
0.0
0.0
0.0
0.0
0.0
0.0
0.0
4.1
0.0
0.0
0.0
0.0
0.0
0.0
0.0
0.0
0.0
0.0
0.0
0.0
0.0
0.0
0.0
0.0
0.0
0.0
0.0
0.0
0.0
0.0
0.0
0.0
0.0
0.0
0.0
0.0
0.0
0.0
0.0
0.0
0.0
0.0
0.0
0.0
0.0
0.0
0.0
0.0
0.0
0.0
0.0
0.0
0.0
0.0
0.0
0.0
0.0
0.0
0.0
9.8
0.0
0.0
6.9
5.8
8.7
0.0
0.0
1.5
0.0
0.0
0.0
0.0
0.0
0.0
0.0
6.1
5.2
17.9
0.0
0.0
0.0
0.0
0.0
0.0
16.5
20.4
0.0
5.6
6.1
2.3
3.7
0.0
0.0
0.0
0.0
0.0
0.0
7.0
5.5
0.0
0.0
0.0
13.0
6.0
50.0
0.0
0.0
8.0
6.5
0.0
26.5
25.0
6.0
10.0
12.0
8.0
6.0
18.0
0.0
0.0
8.0
15.0
11.0
0.0
9.0
16.5
0.0
10.0
12.0
19.0
0.0
8.0
4.0
12.0
0.0
0.0
9.0
7.0
15.0
8.0
20.5
20.0
0.0
9.0
18.0
0.0
0.0
19.5
8.0
12.0
16.0
13.0
10.0
9.0
19.5
14.0
11.0
17.5
15.0
21.0
12.5
8.0
0.0
12.0
9.0
0.0
10.0
17.0
12.5
11.0
14.0
6.0
-99
-99
-99
-99
-99
-99
-99
-99
-99
-99
-99
-99
-99
-99
-99
-99
-99
-99
-99
-99
-99
-99
-99
-99
-99
-99
-99
-99
-99
-99
-99
-99
-99
-99
-99
-99
-99
-99
-99
-99
-99
-99
-99
-99
-99
-99
-99
-99
-99
-99
-99
-99
-99
-99
-99
-99
-99
-99
-99
-99
-99
-99
-99
-99
-99
-99
-99
-99
-99
-99
-99
-99
-99
-99
-99
-99
-99
-99
-99
-99
-99
-99
-99
-99
-99
-99
-99
-99
-99
-99
-99
-99
-99
-99
-99
-99
-99
-99
-99
-99
-99
-99
-99
-99
-99
-99
-99
-99
-99
-99
-99
-99
-99
-99
-99
-99
-99
-99
-99
-99
-99
-99
-99
-99
-99
-99
-99
-99
-99
-99
-99
-99
-99
-99
-99
-99
-99
-99
-99
-99
-99
-99
-99
-99
-99
-99
-99
-99
-99
-99
-99
-99
-99
-99
-99
-99
-99
-99
-99
-99
-99
-99
-99
-99
-99
-99
-99
-99
-99
-99
-99
-99
-99
-99
-99
-99
-99
-99
-99
-99
-99
-99
-99
-99
-99
-99
-99
-99
-99
-99
-99
-99
-99
-99
-99
-99
-99
-99
-99
-99
-99
-99
-99
-99
-99
-99
-99
-99
-99
-99
-99
-99
-99
-99
-99
-99
-99
-99
-99
-99
-99
-99
-99
-99
-99
-99
-99
-99
-99
-99
-99
-99
-99
-99
-99
-99
-99
-99
-99
-99
-99
-99
-99
-99
-99
-99
-99
-99
-99
-99
-99
-99
-99
-99
-99
-99
-99
-99
-99
-99
-99
-99
-99
-99
-99
-99
-99
-99
-99
-99
-99
-99
-99
-99
-99
-99
-99
-99
-99
-99
-99
-99
-99
-99
-99
-99
-99
-99
-99
-99
-99
-99
-99
-99
-99
-99
-99
-99
-99
-99
-99
-99
-99
-99
-99
-99
-99
-99
-99
-99
-99
-99
-99
-99
-99
-99
-99
-99
-99
-99
-99
-99
-99
-99
-99
-99
-99
-99
-99
-99
-99
-99
-99
-99
-99
-99
-99
-99
-99
-99
-99
-99
-99
-99
-99
-99
-99
-99
-99
-99
-99
-99
-99
-99
-99
-99
-99
-99
-99
-99
-99
-99
-99
-99
-99
-99
-99
-99
-99
-99
-99
-99
-99
-99
-99
-99
-99
-99
-99
-99
-99
-99
-99
-99
-99
-99
-99
-99
-99
-99
-99
-99
-99
-99
-99
-99
-99
-99
-99
-99
-99
-99
-99
-99
-99
-99
-99
-99
-99
-99
-99
-99
-99
-99
-99
-99
-99
-99
-99
-99
-99
-99
-99
-99
-99
-99
-99
-99
-99
-99
-99
-99
-99
-99
-99
-99
-99
-99
-99
-99
-99
-99
-99
-99
-99
-99
-99
-99
-99
-99
-99
-99
-99
-99
-99
-99
-99
-99
-99
-99
-99
-99
-99
-99
-99
-99
-99
-99
-99
-99
-99
-99
-99
-99
-99
-99
-99
-99
-99
-99
-99
-99
-99
-99
-99
-99
-99
-99
-99
-99
-99
-99
-99
-99
-99
-99
-99
-99
-99
-99
-99
-99
-99
-99
-99
-99
-99
-99
-99
-99
-99
-99
-99
-99
-99
-99
-99
-99
-99
-99
-99
-99
-99
-99
-99
-99
-99
-99
-99
-99
-99
-99
-99
-99
-99
-99
-99
-99
-99
-99
-99
-99
-99
-99
-99
-99
-99
-99
-99
-99
-99
-99
-99
-99
-99
-99
-99
-99
-99
-99
-99
-99
-99
-99
-99
-99
-99
-99
-99
-99
-99
-99
-99
-99
-99
-99
-99
-99
-99
-99
-99
-99
-99
-99
-99
-99
-99
-99
-99
-99
-99
-99
-99
-99
-99
-99
-99
-99
-99
-99
-99
-99
-99
-99
-99
-99
-99
-99
-99
-99
-99
-99
-99
-99
-99
-99
-99
-99
-99
-99
-99
-99
-99
-99
-99
-99
-99
-99
-99
-99
-99
-99
-99
-99
-99
-99
-99
-99
-99
-99
-99
-99
-99
-99
-99
-99
-99
-99
-99
-99
-99
-99
-99
-99
-99
-99
-99
-99
-99
-99
-99
-99
-99
-99
-99
-99
-99
-99
-99
-99
-99
-99
-99
-99
-99
-99
-99
-99
-99
-99
-99
-99
-99
-99
-99
-99
-99
-99
-99
-99
-99
-99
-99
-99
-99
-99
-99
-99
-99
-99
-99
-99
-99
-99
-99
-99
-99
-99
-99
-99
-99
-99
-99
-99
-99
-99
-99
-99
-99
-99
-99
-99
-99
-99
-99
-99
-99
-99
-99
-99
0.9
9.5
0.6
5.0
5.5
13.0
22.5
29.0
43.0
62.0
39.5
31.0
28.0
11.0
4.9
18.0
7.5
19.0
18.5
29.5
8.0
1.2
2.5
11.0
0.1
26.0
40.0
8.0
6.0
21.0
16.0
0.0
0.0
0.0
0.0
0.0
0.0
0.0
0.0
184.2
0.0
0.0
0.0
0.0
25.3
18.5
0.0
0.0
0.0
0.0
37.8
42.4
41.7
21.6
28.4
27.1
30.0
0.0
0.0
0.0
0.0
0.0
0.0
28.4
17.2
7.0
8.0
12.0
1.2
42.0
0.0
16.5
9.4
0.0
0.0
2.9
0.0
3.0
7.0
1.4
0.6
18.7
15.0
3.0
5.6
0.0
0.0
0.0
23.5
0.0
54.6
0.6
13.0
7.6
0.0
6.4
2.2
0.0
0.0
34.0
3.4
0.2
0.0
0.0
0.0
0.0
0.0
0.0
5.6
0.0
3.0
3.0
0.0
0.0
0.0
0.0
0.0
0.0
0.0
11.0
0.0
0.0
0.0
0.0
0.0
0.0
0.0
0.0
0.0
0.0
0.0
0.0
0.0
0.0
0.0
0.0
0.0
0.0
0.0
0.0
0.0
0.0
0.0
0.0
0.0
0.0
0.0
0.0
0.0
15.8
4.6
0.0
0.0
0.0
0.0
0.0
0.0
0.0
0.0
0.0
0.0
0.0
0.0
0.0
0.0
0.0
0.0
0.0
0.0
0.0
0.0
0.0
0.0
0.0
0.0
0.0
0.0
0.0
0.0
0.0
0.0
0.0
0.0
0.0
0.0
0.0
0.0
0.0
0.0
0.0
0.0
0.0
0.0
0.0
0.0
0.0
0.0
0.0
0.0
0.0
0.0
0.0
0.0
3.8
0.0
0.0
0.0
0.0
0.0
0.0
0.0
0.0
0.0
0.0
0.0
0.0
0.0
0.0
0.0
0.0
0.0
0.0
0.0
0.0
0.0
0.0
0.0
0.0
0.0
0.0
0.0
0.6
0.0
0.0
0.0
0.0
0.0
1.4
0.0
4.6
8.0
3.6
0.0
0.0
0.0
0.0
0.0
0.0
0.0
0.0
0.0
0.0
0.0
0.0
0.0
0.0
67.0
25.0
0.0
1.0
0.0
0.4
0.0
35.2
0.0
0.0
0.0
0.0
0.0
0.0
0.0
0.0
0.0
0.0
0.0
0.0
0.0
0.0
0.0
0.0
0.0
16.2
10.4
16.0
0.0
10.4
2.6
1.2
0.0
6.0
0.0
12.6
0.0
0.0
0.0
0.0
0.0
0.0
0.0
0.0
0.0
9.8
0.0
3.0
0.0
24.6
10.2
0.0
4.2
37.4
0.0
0.0
5.2
25.0
3.2
0.0
0.0
49.0
21.2
0.0
0.0
0.0
29.6
5.0
0.0
3.6
0.0
0.0
49.0
45.2
6.0
0.0
0.0
0.0
0.0
0.0
1.8
0.0
3.6
3.2
0.2
8.4
16.4
0.0
6.0
0.0
1.2
1.0
8.0
1.0
0.0
25.0
0.0
0.0
0.0
0.0
0.0
5.0
1.2
3.0
10.0
6.2
7.0
43.0
10.0
9.0
0.6
5.0
0.0
0.0
0.0
0.0
17.0
40.0
35.0
5.0
0.2
41.0
42.0
0.4
10.0
30.0
26.0
7.0
0.0
0.0
0.0
0.0
0.0
0.0
42.0
15.4
13.4
8.0
12.4
2.4
0.0
6.0
1.4
0.0
44.0
47.0
0.0
49.0
41.0
5.4
4.0
2.4
9.2
21.0
31.0
19.0
20.0
34.0
36.0
6.0
0.0
0.0
0.0
0.0
0.0
0.0
1.0
30.0
9.0
6.6
2.6
1.4
0.0
1.0
0.0
0.0
0.0
0.0
0.0
0.0
0.0
0.0
0.0
49.2
0.2
6.6
0.0
0.0
0.0
0.0
0.0
0.0
0.0
0.0
0.0
0.0
0.0
0.0
0.0
0.0
0.2
1.6
0.4
8.8
12.0
18.0
54.0
0.8
0.2
0.0
1.2
0.0
1.2
8.0
0.2
10.0
1.0
0.0
0.4
0.0
0.0
0.0
0.0
0.0
0.0
0.0
0.0
0.0
0.0
0.0
0.0
0.6
1.2
8.0
0.0
0.0
0.0
0.0
0.0
0.0
0.0
0.0
0.0
0.0
0.0
0.0
0.0
7.0
4.0
0.0
0.0
0.0
0.0
0.0
0.0
0.0
0.0
0.0
0.0
0.0
0.0
0.0
0.0
0.0
0.0
0.0
0.0
0.0
0.0
0.0
0.0
0.0
0.0
0.0
0.0
0.0
0.0
0.0
0.0
0.0
0.0
0.0
0.0
0.0
0.0
0.0
0.0
5.0
0.0
0.0
0.0
0.0
0.0
0.0
0.0
0.0
0.0
0.0
0.0
0.0
0.0
0.0
0.0
0.0
0.0
0.0
0.0
0.0
0.0
0.0
0.0
0.0
0.0
0.0
0.0
0.0
0.0
0.0
0.0
0.0
0.0
0.0
0.0
0.0
0.0
0.0
0.0
0.0
0.0
0.0
0.0
0.0
0.0
0.0
0.0
0.0
0.0
0.0
0.0
0.0
0.0
0.0
0.0
0.0
0.0
0.0
0.0
0.0
0.0
0.0
0.0
0.0
0.0
0.0
0.0
0.0
0.0
0.0
0.0
0.2
7.6
0.0
0.0
0.0
0.0
0.0
0.0
0.0
0.0
0.0
0.0
13.0
0.0
0.0
11.0
0.0
0.0
2.4
0.0
0.0
0.0
9.0
11.0
0.0
0.0
0.0
0.0
0.0
0.0
0.0
0.0
0.0
0.8
0.0
10.4
0.0
0.0
0.0
0.0
0.0
0.0
0.0
0.0
0.0
0.0
0.0
0.0
0.0
0.0
0.0
0.0
0.0
21.0
0.0
17.2
0.0
0.0
0.0
0.0
31.0
19.0
1.0
0.0
15.0
0.0
18.0
0.4
9.6
0.0
0.0
0.0
0.0
1.0
5.0
0.6
0.0
15.0
17.0
0.0
69.0
3.0
7.0
0.0
5.0
6.0
10.0
34.0
8.0
0.0
0.0
0.0
3.0
6.0
0.4
0.0
0.2
14.0
16.0
16.0
21.0
93.0
54.0
21.0
25.0
0.0
1.0
0.0
0.0
13.0
0.0
1.0
0.0
0.0
0.0
12.0
0.0
0.0
0.0
0.0
0.0
0.0
0.0
0.0
21.8
0.0
0.0
0.0
0.0
0.0
24.0
0.0
0.0
2.4
7.8
19.0
4.4
13.4
0.4
0.0
2.6
0.4
0.0
0.0
0.0
28.4
6.2
12.2
17.2
7.4
12.6
3.6
3.4
4.8
8.0
5.8
2.4
23.8
0.0
9.4
7.6
10.8
24.6
20.8
1.8
0.0
10.0
15.0
3.4
4.0
0.0
3.0
3.6
1.0
1.0
0.0
0.0
0.0
2.4
0.0
0.0
4.2
23.8
3.2
11.8
10.4
4.0
1.8
2.8
5.6
0.0
0.0
0.0
0.0
2.6
0.0
0.4
0.0
67.2
11.0
2.8
1.8
4.0
0.0
80.6
5.0
20.6
26.2
0.0
0.0
0.0
0.0
0.0
0.0
0.0
0.0
0.0
2.4
13.4
48.8
10.0
0.8
0.0
0.0
0.0
0.0
0.0
0.0
0.0
0.0
0.0
0.0
0.0
0.0
0.0
0.0
0.0
0.0
0.0
0.0
0.0
0.0
0.0
0.0
0.0
0.0
0.0
0.0
0.0
0.0
0.0
0.0
0.0
0.0
0.0
0.0
0.0
0.0
0.0
0.0
0.0
0.0
0.0
0.0
0.0
0.0
0.0
0.0
0.0
0.0
0.0
0.0
0.0
0.0
0.0
0.0
0.0
0.0
0.0
0.0
0.0
0.0
0.0
0.0
0.0
0.0
0.0
0.0
0.0
0.0
0.0
0.0
0.0
0.0
3.6
8.6
0.0
0.0
0.0
0.0
0.0
0.0
0.0
0.0
0.0
0.0
0.0
0.0
0.0
0.0
0.0
0.0
0.0
0.0
0.0
0.0
0.0
0.0
0.0
0.0
0.0
0.0
0.0
0.0
0.0
0.0
0.0
0.0
0.0
0.0
0.0
0.0
0.0
0.0
0.0
0.0
0.0
0.0
0.0
0.0
0.0
0.0
0.0
0.0
0.0
0.0
0.0
0.0
0.0
0.0
0.0
0.0
0.0
0.0
0.0
0.0
0.0
0.0
0.0
0.0
0.0
0.0
0.0
0.0
0.0
0.0
3.2
1.5
0.0
0.0
0.0
0.0
0.0
0.0
0.0
0.0
0.0
0.0
0.0
0.0
0.0
0.0
12.8
16.8
5.5
0.0
0.0
0.0
0.0
4.6
0.0
0.0
0.0
0.0
0.0
0.0
5.6
10.8
9.3
1.4
5.5
24.8
4.8
0.0
4.0
46.8
52.5
15.7
3.6
10.0
0.0
12.6
2.2
3.6
0.2
36.3
0.2
31.6
0.2
0.0
11.4
11.6
2.4
4.6
14.4
5.2
0.8
6.8
20.0
4.8
20.0
31.0
7.6
14.2
10.0
10.0
18.4
0.0
2.2
41.2
3.2
33.0
11.0
6.8
12.4
2.2
8.4
4.0
9.2
29.8
16.4
4.6
2.2
12.2
15.6
13.2
0.0
3.0
5.2
4.4
7.6
0.0
0.0
4.2
0.0
28.0
58.8
7.2
6.6
6.6
5.0
35.2
0.0
3.4
2.8
24.0
0.0
0.0
2.8
2.8
0.0
0.0
9.8
0.0
0.0
2.8
17.0
14.0
13.4
0.0
0.0
8.6
9.2
5.8
8.8
30.2
0.0
4.8
0.0
4.6
2.8
0.0
0.0
4.4
10.8
12.2
19.0
0.0
16.4
7.4
19.8
19.2
13.0
23.0
0.0
0.0
0.0
0.0
0.0
0.0
0.0
0.0
13.2
0.0
8.8
8.2
0.0
0.0
0.0
0.0
0.0
8.6
4.2
0.0
0.0
0.0
18.2
11.8
3.2
23.4
36.4
7.2
16.2
3.8
26.4
8.2
5.4
12.4
10.2
0.0
11.8
9.0
9.0
14.8
2.4
4.4
8.6
6.0
9.0
6.4
11.4
6.8
6.0
5.6
10.0
2.8
5.0
5.6
10.2
14.8
4.8
0.0
0.0
0.0
0.0
0.0
0.0
0.0
8.2
0.0
19.4
7.0
3.6
17.4
13.0
18.6
23.2
0.0
0.0
0.0
0.0
0.0
0.0
0.0
0.0
6.4
10.4
6.2
10.8
0.0
0.0
0.0
0.0
0.0
0.0
0.0
0.0
0.0
0.0
10.4
0.0
0.0
0.0
0.0
0.0
0.0
0.0
0.0
0.0
0.0
2.4
0.0
0.0
0.0
0.0
0.0
0.0
0.0
0.0
0.0
0.0
0.0
0.0
0.0
0.0
0.0
0.0
0.0
0.0
0.0
0.0
0.0
0.0
0.0
0.0
0.0
0.0
0.0
0.0
0.0
0.0
0.0
0.0
0.0
0.0
0.0
0.0
0.0
0.0
0.0
0.0
0.0
0.0
0.0
0.0
0.0
0.0
0.0
0.0
0.0
0.0
0.0
0.0
0.0
0.0
0.0
0.0
0.0
0.0
0.0
0.0
0.0
0.0
0.0
0.0
0.0
0.0
0.0
0.0
0.0
0.0
0.0
0.0
0.0
0.0
0.0
0.0
0.0
0.0
0.0
0.0
0.0
0.0
0.0
0.0
0.0
6.4
10.2
0.0
0.0
0.0
0.0
0.0
0.0
0.0
0.0
0.0
0.0
0.0
0.0
0.0
0.0
0.0
0.0
0.0
0.0
0.0
0.0
0.0
0.0
0.0
0.0
0.0
0.0
0.0
0.0
0.0
0.0
0.0
0.0
0.0
0.0
0.0
0.0
0.0
0.0
0.0
0.0
0.0
0.0
0.0
0.0
0.0
0.0
0.0
0.0
0.0
10.4
0.0
56.2
0.0
5.8
17.8
6.2
2.6
6.8
4.2
0.0
0.0
2.4
9.2
44.6
10.6
8.2
14.8
48.2
2.6
4.8
5.0
0.0
0.0
0.0
0.0
0.0
0.0
0.0
0.0
0.0
0.0
0.0
0.0
0.0
0.0
0.0
97.4
56.8
14.6
24.0
47.0
34.0
0.0
37.8
0.0
0.0
0.0
0.0
0.0
108.0
0.0
0.0
0.0
0.0
0.0
0.0
0.0
0.0
0.0
10.8
5.1
8.9
0.0
27.9
35.6
0.0
12.9
40.1
0.0
0.0
10.5
10.8
0.0
0.0
2.1
0.0
0.0
0.0
1.5
12.6
0.8
0.9
0.0
0.0
0.7
8.1
0.6
0.0
28.0
21.3
26.0
10.6
11.9
39.2
12.4
0.0
0.0
17.6
11.8
0.0
0.0
16.8
8.2
0.0
0.0
25.0
2.6
3.6
0.0
4.8
19.2
0.0
0.0
0.0
0.0
0.0
0.0
0.0
0.0
0.0
0.0
11.7
9.5
6.3
2.1
25.9
3.8
1.0
0.0
7.9
10.9
0.1
4.9
0.0
0.0
6.2
0.0
0.0
4.1
1.9
0.0
0.2
7.6
28.1
0.0
1.8
0.0
0.0
0.0
0.0
0.0
0.0
0.0
0.0
0.0
0.0
0.0
0.0
1.0
0.0
0.0
0.0
2.8
35.0
0.0
0.0
0.0
1.0
0.0
0.0
1.0
0.0
0.0
0.0
1.0
4.8
0.0
3.8
5.0
5.8
18.0
3.6
11.0
0.0
0.0
0.0
0.0
0.0
0.0
6.8
28.0
1.8
8.0
48.0
12.0
0.0
0.0
0.0
4.8
0.0
0.0
0.0
0.0
0.0
0.0
0.0
0.0
0.0
0.0
0.0
0.0
0.0
0.0
0.0
0.0
10.8
0.0
0.0
0.0
0.0
0.0
0.0
0.0
0.0
10.0
4.0
0.0
0.0
0.0
0.0
0.0
0.0
0.0
0.0
0.0
0.0
0.0
0.0
0.0
0.0
0.0
0.0
0.0
0.0
0.0
0.0
0.0
0.0
0.0
0.0
0.0
0.0
0.0
0.0
0.0
0.0
0.0
0.0
0.0
0.0
0.0
0.0
0.0
0.0
0.0
0.0
0.0
0.0
0.0
0.0
4.8
0.0
0.0
1.0
0.0
0.0
0.0
0.0
0.0
0.0
0.0
0.0
0.0
0.0
0.0
0.0
0.0
0.0
1.0
0.0
0.0
0.0
0.0
0.0
0.0
0.0
0.0
0.0
0.0
0.0
0.0
0.0
0.0
0.0
0.0
0.0
0.0
0.0
0.0
0.0
0.0
0.0
0.0
0.0
0.0
0.0
0.0
0.0
0.0
0.0
0.0
0.0
0.0
0.0
0.0
0.0
0.0
0.0
0.0
0.0
0.0
0.0
0.0
0.0
0.0
0.0
0.0
0.0
0.0
0.0
0.0
0.0
0.0
0.0
0.0
0.0
0.0
0.0
0.0
0.0
0.0
0.0
0.0
0.0
0.0
5.0
3.8
1.0
0.0
0.0
0.0
0.0
0.0
0.0
0.0
8.0
0.0
0.0
0.0
0.0
0.0
0.0
15.0
0.0
0.0
0.0
1.0
2.5
0.0
4.0
0.0
0.0
0.0
25.0
0.0
11.0
15.0
12.0
0.0
0.0
29.5
0.0
25.0
0.0
0.0
0.0
0.0
0.0
0.0
35.0
1.0
0.0
0.0
0.0
0.0
49.0
0.0
11.0
5.0
10.0
0.0
0.0
35.0
0.0
0.0
22.0
10.0
0.0
0.0
8.0
0.0
12.0
8.0
9.0
0.0
12.0
0.0
14.0
34.0
8.0
0.0
8.0
0.0
6.0
18.0
10.0
0.0
0.0
9.5
6.0
0.0
18.0
3.0
1.0
0.0
21.0
11.0
21.0
8.0
10.0
0.0
13.0
28.0
6.0
8.0
5.5
10.0
3.0
2.5
4.0
6.0
0.0
0.0
0.0
0.0
0.0
0.0
0.0
0.0
0.0
0.0
0.0
0.0
0.0
0.0
3.5
0.0
0.0
0.0
25.0
27.0
0.0
0.0
0.0
0.0
0.0
0.0
8.0
50.0
0.0
0.0
10.0
0.0
0.0
19.0
12.0
0.0
6.0
8.0
0.0
0.0
0.0
0.0
0.0
0.0
0.0
11.5
8.0
14.0
6.0
9.0
3.0
36.0
12.0
9.0
0.0
8.5
0.0
6.5
6.0
0.0
4.0
0.0
6.5
5.0
14.5
21.0
20.5
0.0
1.0
8.0
0.0
20.0
8.5
8.5
0.0
8.0
13.0
9.0
11.0
5.0
2.5
0.0
0.0
0.0
0.0
0.0
0.0
0.0
0.0
0.0
0.0
17.5
8.0
0.0
0.0
0.0
0.0
0.0
0.0
0.0
0.0
0.0
0.0
0.0
0.0
0.0
0.0
0.0
0.0
0.0
0.0
10.0
5.0
0.0
0.0
0.0
11.3
0.0
0.0
0.0
0.0
0.0
0.0
0.0
6.2
0.0
0.0
16.8
0.0
0.0
0.0
0.0
5.3
8.4
0.0
0.0
0.0
0.0
0.0
0.0
0.0
0.0
16.2
0.0
0.0
0.0
0.0
0.0
0.0
0.0
0.0
0.0
0.0
0.0
0.0
0.0
0.0
0.0
0.0
0.0
0.0
0.0
0.0
0.0
0.0
0.0
0.0
0.0
0.0
0.0
0.0
0.0
0.0
0.0
0.0
0.0
0.0
0.0
0.0
0.0
0.0
0.0
0.0
0.0
0.0
0.0
0.0
0.0
0.0
0.0
0.0
0.0
0.0
4.1
0.0
0.0
0.0
0.0
0.0
0.0
0.0
0.0
0.0
0.0
0.0
0.0
0.0
0.0
0.0
0.0
0.0
0.0
0.0
0.0
0.0
0.0
0.0
0.0
0.0
0.0
0.0
0.0
0.0
0.0
0.0
0.0
0.0
0.0
0.0
0.0
0.0
0.0
0.0
0.0
0.0
0.0
0.0
0.0
0.0
0.0
0.0
0.0
0.0
0.0
0.0
9.8
0.0
0.0
6.9
5.8
8.7
0.0
0.0
1.5
0.0
0.0
0.0
0.0
0.0
0.0
0.0
6.1
5.2
17.9
0.0
0.0
0.0
0.0
0.0
0.0
16.5
20.4
0.0
5.6
6.1
2.3
3.7
0.0
0.0
0.0
0.0
0.0
0.0
7.0
5.5
0.0
0.0
0.0
13.0
6.0
50.0
0.0
0.0
8.0
6.5
0.0
26.5
25.0
6.0
10.0
12.0
8.0
6.0
18.0
0.0
0.0
8.0
15.0
11.0
0.0
9.0
16.5
0.0
10.0
12.0
19.0
0.0
8.0
4.0
12.0
0.0
0.0
9.0
7.0
15.0
8.0
20.5
20.0
0.0
9.0
18.0
0.0
0.0
19.5
8.0
12.0
16.0
13.0
10.0
9.0
19.5
14.0
11.0
17.5
15.0
21.0
12.5
8.0
0.0
12.0
9.0
0.0
10.0
17.0
12.5
11.0
14.0
6.0
-99
-99
-99
-99
-99
-99
-99
-99
-99
-99
-99
-99
-99
-99
-99
-99
-99
-99
-99
-99
-99
-99
-99
-99
-99
-99
-99
-99
-99
-99
-99
-99
-99
-99
-99
-99
-99
-99
-99
-99
-99
-99
-99
-99
-99
-99
-99
-99
-99
-99
-99
-99
-99
-99
-99
-99
-99
-99
-99
-99
-99
-99
-99
-99
-99
-99
-99
-99
-99
-99
-99
-99
-99
-99
-99
-99
-99
-99
-99
-99
-99
-99
-99
-99
-99
-99
-99
-99
-99
-99
-99
-99
-99
-99
-99
-99
-99
-99
-99
-99
-99
-99
-99
-99
-99
-99
-99
-99
-99
-99
-99
-99
-99
-99
-99
-99
-99
-99
-99
-99
-99
-99
-99
-99
-99
-99
-99
-99
-99
-99
-99
-99
-99
-99
-99
-99
-99
-99
-99
-99
-99
-99
-99
-99
-99
-99
-99
-99
-99
-99
-99
-99
-99
-99
-99
-99
-99
-99
-99
-99
-99
-99
-99
-99
-99
-99
-99
-99
-99
-99
-99
-99
-99
-99
-99
-99
-99
-99
-99
-99
-99
-99
-99
-99
-99
-99
-99
-99
-99
-99
-99
-99
-99
-99
-99
-99
-99
-99
-99
-99
-99
-99
-99
-99
-99
-99
-99
-99
-99
-99
-99
-99
-99
-99
-99
-99
-99
-99
-99
-99
-99
-99
-99
-99
-99
-99
-99
-99
-99
-99
-99
-99
-99
-99
-99
-99
-99
-99
-99
-99
-99
-99
-99
-99
-99
-99
-99
-99
-99
-99
-99
-99
-99
-99
-99
-99
-99
-99
-99
-99
-99
-99
-99
-99
-99
-99
-99
-99
-99
-99
-99
-99
-99
-99
-99
-99
-99
-99
-99
-99
-99
-99
-99
-99
-99
-99
-99
-99
-99
-99
-99
-99
-99
-99
-99
-99
-99
-99
-99
-99
-99
-99
-99
-99
-99
-99
-99
-99
-99
-99
-99
-99
-99
-99
-99
-99
-99
-99
-99
-99
-99
-99
-99
-99
-99
-99
-99
-99
-99
-99
-99
-99
-99
-99
-99
-99
-99
-99
-99
-99
-99
-99
-99
-99
-99
-99
-99
-99
-99
-99
-99
-99
-99
-99
-99
-99
-99
-99
-99
-99
-99
-99
-99
-99
-99
-99
-99
-99
-99
-99
-99
-99
-99
-99
-99
-99
-99
-99
-99
-99
-99
-99
-99
-99
-99
-99
-99
-99
-99
-99
-99
-99
-99
-99
-99
-99
-99
-99
-99
-99
-99
-99
-99
-99
-99
-99
-99
-99
-99
-99
-99
-99
-99
-99
-99
-99
-99
-99
-99
-99
-99
-99
-99
-99
-99
-99
-99
-99
-99
-99
-99
-99
-99
-99
-99
-99
-99
-99
-99
-99
-99
-99
-99
-99
-99
-99
-99
-99
-99
-99
-99
-99
-99
-99
-99
-99
-99
-99
-99
-99
-99
-99
-99
-99
-99
-99
-99
-99
-99
-99
-99
-99
-99
-99
-99
-99
-99
-99
-99
-99
-99
-99
-99
-99
-99
-99
-99
-99
-99
-99
-99
-99
-99
-99
-99
-99
-99
-99
-99
-99
-99
-99
-99
-99
-99
-99
-99
-99
-99
-99
-99
-99
-99
-99
-99
-99
-99
-99
-99
-99
-99
-99
-99
-99
-99
-99
-99
-99
-99
-99
-99
-99
-99
-99
-99
-99
-99
-99
-99
-99
-99
-99
-99
-99
-99
-99
-99
-99
-99
-99
-99
-99
-99
-99
-99
-99
-99
-99
-99
-99
-99
-99
-99
-99
-99
-99
-99
-99
-99
-99
-99
-99
-99
-99
-99
-99
-99
-99
-99
-99
-99
-99
-99
-99
-99
-99
-99
-99
-99
-99
-99
-99
-99
-99
-99
-99
-99
-99
-99
-99
-99
-99
-99
-99
-99
-99
-99
-99
-99
-99
-99
-99
-99
-99
-99
-99
-99
-99
-99
-99
-99
-99
-99
-99
-99
-99
-99
-99
-99
-99
-99
-99
-99
-99
-99
-99
-99
-99
-99
-99
-99
-99
-99
-99
-99
-99
-99
-99
-99
-99
-99
-99
-99
-99
-99
-99
-99
-99
-99
-99
-99
-99
-99
-99
-99
-99
-99
-99
-99
-99
-99
-99
-99
-99
-99
-99
-99
-99
-99
-99
-99
-99
-99
-99
-99
-99
-99
-99
-99
-99
-99
-99
-99
-99
-99
-99
-99
-99
-99
-99
-99
-99
-99
-99
-99
-99
-99
-99
-99
-99
-99
-99
-99
-99
-99
-99
-99
-99
-99
-99
-99
-99
-99
-99
-99
-99
-99
-99
-99
-99
0.9
9.5
0.6
5.0
5.5
13.0
22.5
29.0
43.0
62.0
39.5
31.0
28.0
11.0
4.9
18.0
7.5
19.0
18.5
29.5
8.0
1.2
2.5
11.0
0.1
26.0
40.0
8.0
6.0
21.0
16.0
0.0
0.0
0.0
0.0
0.0
0.0
0.0
0.0
184.2
0.0
0.0
0.0
0.0
25.3
18.5
0.0
0.0
0.0
0.0
37.8
42.4
41.7
21.6
28.4
27.1
30.0
0.0
0.0
0.0
0.0
0.0
0.0
28.4
17.2
7.0
8.0
12.0
1.2
42.0
0.0
16.5
9.4
0.0
0.0
2.9
0.0
3.0
7.0
1.4
0.6
18.7
15.0
3.0
5.6
0.0
0.0
0.0
23.5
0.0
54.6
0.6
13.0
7.6
0.0
6.4
2.2
0.0
0.0
34.0
3.4
0.2
0.0
0.0
0.0
0.0
0.0
0.0
5.6
0.0
3.0
3.0
0.0
0.0
0.0
0.0
0.0
0.0
0.0
11.0
0.0
0.0
0.0
0.0
0.0
0.0
0.0
0.0
0.0
0.0
0.0
0.0
0.0
0.0
0.0
0.0
0.0
0.0
0.0
0.0
0.0
0.0
0.0
0.0
0.0
0.0
0.0
0.0
0.0
15.8
4.6
0.0
0.0
0.0
0.0
0.0
0.0
0.0
0.0
0.0
0.0
0.0
0.0
0.0
0.0
0.0
0.0
0.0
0.0
0.0
0.0
0.0
0.0
0.0
0.0
0.0
0.0
0.0
0.0
0.0
0.0
0.0
0.0
0.0
0.0
0.0
0.0
0.0
0.0
0.0
0.0
0.0
0.0
0.0
0.0
0.0
0.0
0.0
0.0
0.0
0.0
0.0
0.0
3.8
0.0
0.0
0.0
0.0
0.0
0.0
0.0
0.0
0.0
0.0
0.0
0.0
0.0
0.0
0.0
0.0
0.0
0.0
0.0
0.0
0.0
0.0
0.0
0.0
0.0
0.0
0.0
0.6
0.0
0.0
0.0
0.0
0.0
1.4
0.0
4.6
8.0
3.6
0.0
0.0
0.0
0.0
0.0
0.0
0.0
0.0
0.0
0.0
0.0
0.0
0.0
0.0
67.0
25.0
0.0
1.0
0.0
0.4
0.0
35.2
0.0
0.0
0.0
0.0
0.0
0.0
0.0
0.0
0.0
0.0
0.0
0.0
0.0
0.0
0.0
0.0
0.0
16.2
10.4
16.0
0.0
10.4
2.6
1.2
0.0
6.0
0.0
12.6
0.0
0.0
0.0
0.0
0.0
0.0
0.0
0.0
0.0
9.8
0.0
3.0
0.0
24.6
10.2
0.0
4.2
37.4
0.0
0.0
5.2
25.0
3.2
0.0
0.0
49.0
21.2
0.0
0.0
0.0
29.6
5.0
0.0
3.6
0.0
0.0
49.0
45.2
6.0
0.0
0.0
0.0
0.0
0.0
1.8
0.0
3.6
3.2
0.2
8.4
16.4
0.0
6.0
0.0
1.2
1.0
8.0
1.0
0.0
25.0
0.0
0.0
0.0
0.0
0.0
5.0
1.2
3.0
10.0
6.2
7.0
43.0
10.0
9.0
0.6
5.0
0.0
0.0
0.0
0.0
17.0
40.0
35.0
5.0
0.2
41.0
42.0
0.4
10.0
30.0
26.0
7.0
0.0
0.0
0.0
0.0
0.0
0.0
42.0
15.4
13.4
8.0
12.4
2.4
0.0
6.0
1.4
0.0
44.0
47.0
0.0
49.0
41.0
5.4
4.0
2.4
9.2
21.0
31.0
19.0
20.0
34.0
36.0
6.0
0.0
0.0
0.0
0.0
0.0
0.0
1.0
30.0
9.0
6.6
2.6
1.4
0.0
1.0
0.0
0.0
0.0
0.0
0.0
0.0
0.0
0.0
0.0
49.2
0.2
6.6
0.0
0.0
0.0
0.0
0.0
0.0
0.0
0.0
0.0
0.0
0.0
0.0
0.0
0.0
0.2
1.6
0.4
8.8
12.0
18.0
54.0
0.8
0.2
0.0
1.2
0.0
1.2
8.0
0.2
10.0
1.0
0.0
0.4
0.0
0.0
0.0
0.0
0.0
0.0
0.0
0.0
0.0
0.0
0.0
0.0
0.6
1.2
8.0
0.0
0.0
0.0
0.0
0.0
0.0
0.0
0.0
0.0
0.0
0.0
0.0
0.0
7.0
4.0
0.0
0.0
0.0
0.0
0.0
0.0
0.0
0.0
0.0
0.0
0.0
0.0
0.0
0.0
0.0
0.0
0.0
0.0
0.0
0.0
0.0
0.0
0.0
0.0
0.0
0.0
0.0
0.0
0.0
0.0
0.0
0.0
0.0
0.0
0.0
0.0
0.0
0.0
5.0
0.0
0.0
0.0
0.0
0.0
0.0
0.0
0.0
0.0
0.0
0.0
0.0
0.0
0.0
0.0
0.0
0.0
0.0
0.0
0.0
0.0
0.0
0.0
0.0
0.0
0.0
0.0
0.0
0.0
0.0
0.0
0.0
0.0
0.0
0.0
0.0
0.0
0.0
0.0
0.0
0.0
0.0
0.0
0.0
0.0
0.0
0.0
0.0
0.0
0.0
0.0
0.0
0.0
0.0
0.0
0.0
0.0
0.0
0.0
0.0
0.0
0.0
0.0
0.0
0.0
0.0
0.0
0.0
0.0
0.0
0.0
0.2
7.6
0.0
0.0
0.0
0.0
0.0
0.0
0.0
0.0
0.0
0.0
13.0
0.0
0.0
11.0
0.0
0.0
2.4
0.0
0.0
0.0
9.0
11.0
0.0
0.0
0.0
0.0
0.0
0.0
0.0
0.0
0.0
0.8
0.0
10.4
0.0
0.0
0.0
0.0
0.0
0.0
0.0
0.0
0.0
0.0
0.0
0.0
0.0
0.0
0.0
0.0
0.0
21.0
0.0
17.2
0.0
0.0
0.0
0.0
31.0
19.0
1.0
0.0
15.0
0.0
18.0
0.4
9.6
0.0
0.0
0.0
0.0
1.0
5.0
0.6
0.0
15.0
17.0
0.0
69.0
3.0
7.0
0.0
5.0
6.0
10.0
34.0
8.0
0.0
0.0
0.0
3.0
6.0
0.4
0.0
0.2
14.0
16.0
16.0
21.0
93.0
54.0
21.0
25.0
0.0
1.0
0.0
0.0
13.0
0.0
1.0
0.0
0.0
0.0
12.0
4.0
10.0
36.0
10.0
0.0
0.0
0.0
0.0
8.0
7.0
6.0
16.2
0.4
0.6
16.4
10.0
22.0
0.0
0.0
0.0
105.0
0.0
0.0
4.2
0.0
15.0
5.6
0.0
5.0
7.0
0.0
24.0
7.0
3.0
0.0
0.0
0.0
0.0
0.0
0.0
15.8
3.0
28.0
2.6
1.0
0.0
0.0
0.0
0.0
0.0
0.0
0.0
0.0
0.0
0.0
0.0
0.0
0.0
0.0
4.0
0.0
0.0
0.0
0.0
7.0
6.1
10.0
0.0
0.2
0.4
0.0
0.0
1.0
0.2
0.2
0.0
0.0
4.0
32.0
10.0
16.0
17.0
32.0
1.0
7.0
37.0
0.2
28.0
38.0
13.1
0.0
0.0
16.0
26.0
0.0
0.0
0.0
0.0
0.0
0.0
0.0
0.0
0.0
0.0
0.0
0.0
0.0
0.0
0.0
0.0
0.0
0.0
1.0
0.0
0.0
0.0
0.0
0.0
5.0
11.0
5.0
0.2
1.0
0.0
0.0
0.0
0.0
0.0
0.0
0.0
0.0
0.0
0.0
0.0
0.0
0.0
0.0
0.0
0.0
0.0
0.0
0.0
0.0
0.0
0.0
0.0
0.0
0.0
0.0
0.0
0.0
0.0
0.0
0.0
0.0
0.0
0.0
42.0
0.0
0.0
0.0
0.0
0.0
0.0
0.0
0.0
0.0
0.0
0.0
0.0
0.0
0.0
0.0
0.0
0.0
0.0
0.0
0.0
0.0
0.0
0.0
0.0
0.0
0.0
0.0
8.0
6.0
0.0
0.0
0.0
0.0
0.0
0.0
0.0
0.0
0.0
0.0
0.0
0.0
0.0
0.0
0.0
0.0
0.0
0.0
0.0
0.0
0.0
0.0
0.0
0.0
0.0
0.0
0.0
0.0
0.0
0.0
0.0
0.0
0.0
0.0
0.0
0.0
0.0
0.0
0.0
0.0
0.0
10.4
15.0
7.0
0.0
0.0
0.0
0.0
0.0
0.0
0.0
0.0
0.0
0.0
0.0
0.0
0.0
0.0
0.0
0.0
0.0
0.0
0.0
0.0
0.0
0.0
0.0
0.0
0.0
0.0
0.0
0.0
0.0
0.0
0.0
0.0
0.0
0.0
0.0
0.0
0.0
0.0
0.0
0.0
18.0
0.0
0.0
0.0
48.0
1.0
10.0
0.0
10.0
0.0
32.0
0.0
25.0
0.0
30.0
0.0
18.0
13.0
0.0
0.0
10.0
32.0
1.0
0.0
0.0
10.0
0.0
1.0
14.0
32.0
11.0
20.0
30.2
31.0
20.0
16.0
1.0
5.0
0.0
3.0
26.4
0.0
0.0
3.0
16.4
5.3
19.0
32.0
8.0
4.8
0.4
0.2
1.0
0.0
10.2
0.0
1.0
7.0
33.0
101.0
0.0
7.0
1.0
2.2
0.0
2.4
7.6
0.2
2.4
0.0
14.0
2.8
27.4
0.0
25.0
3.0
2.2
11.0
4.0
2.4
13.0
17.0
23.0
0.0
0.0
0.0
0.0
0.0
0.0
25.3
23.0
15.6
18.4
22.6
13.6
15.8
8.0
21.2
11.2
0.2
2.8
0.2
15.0
8.4
15.0
0.2
4.4
5.0
16.0
1.6
12.0
9.8
1.0
47.0
48.0
37.0
3.4
21.0
21.0
3.2
15.0
43.0
5.6
0.0
0.6
0.2
0.0
0.0
0.2
0.0
0.0
10.0
0.2
0.0
0.0
0.0
0.0
0.0
0.0
0.0
0.0
0.0
0.0
0.0
0.0
0.0
4.0
0.0
3.0
17.0
0.0
1.0
0.0
7.0
0.0
6.4
32.2
37.4
24.0
23.6
0.2
13.0
2.4
4.2
0.0
34.6
28.0
0.2
0.0
0.0
0.0
6.4
3.0
16.0
5.0
1.0
1.0
38.6
0.4
0.0
17.6
4.0
1.0
12.0
0.0
0.0
0.0
0.0
0.0
0.0
14.0
0.0
0.0
8.0
0.0
0.0
19.0
6.0
11.0
5.6
4.4
3.6
0.0
0.0
0.0
0.0
0.0
0.0
0.0
0.0
0.0
0.0
0.0
0.0
0.0
0.0
0.0
0.0
0.0
0.0
0.0
0.0
0.0
0.0
0.0
0.0
0.0
0.0
0.0
0.0
0.0
0.0
0.0
28.0
3.4
0.6
1.0
0.0
83.0
5.0
0.0
0.0
0.0
0.0
0.0
0.0
0.0
0.0
0.0
0.0
0.0
0.0
0.0
0.0
0.0
0.0
0.0
0.0
0.0
0.0
0.0
0.0
0.0
0.0
0.0
0.0
0.0
0.0
0.0
0.0
0.0
0.0
0.0
0.0
0.0
0.0
0.0
0.0
0.0
0.0
0.0
0.0
0.0
0.0
0.0
0.0
0.0
0.0
0.0
0.0
0.0
0.0
0.0
0.0
0.0
0.0
0.0
0.0
0.0
0.0
0.0
0.0
0.0
0.0
0.0
0.0
0.0
0.0
0.0
0.0
0.8
0.0
0.0
0.0
0.0
0.0
0.0
0.0
0.0
0.0
0.0
0.0
0.0
0.0
0.0
1.0
0.0
0.0
0.0
3.0
1.0
0.0
0.0
0.0
0.0
0.0
0.0
2.8
0.0
2.4
0.0
0.0
0.0
0.0
0.0
0.0
0.0
0.0
0.0
11.0
0.0
0.2
0.0
0.0
0.0
0.0
0.0
0.0
0.0
32.8
0.0
0.0
0.0
1.8
5.0
0.0
0.0
0.0
0.0
30.2
30.4
0.0
0.0
16.4
6.8
0.0
0.0
0.0
0.0
0.0
0.0
0.0
0.0
0.0
10.4
2.2
0.0
0.0
0.0
0.0
0.0
0.0
0.0
0.0
0.0
24.0
0.0
22.0
0.0
0.0
0.0
0.0
0.0
0.0
1.0
0.0
0.0
0.0
2.4
0.0
26.0
0.0
22.1
0.0
2.2
5.1
3.0
1.0
5.0
0.0
0.0
0.0
0.0
0.0
0.0
4.0
0.0
0.0
0.0
8.0
0.0
5.4
18.6
0.0
0.0
20.0
9.0
0.0
0.0
0.0
0.0
8.6
0.6
2.2
13.0
3.6
5.0
4.0
12.0
7.8
9.0
12.6
3.0
4.0
3.0
13.4
3.0
6.2
7.0
14.0
11.0
29.0
1.0
38.0
20.0
3.4
0.0
0.0
36.0
62.4
7.4
0.0
22.0
5.0
0.4
26.4
7.2
24.2
3.6
3.0
0.4
0.2
8.0
2.2
52.0
6.4
35.0
0.2
4.6
3.0
31.4
17.0
8.0
9.4
0.4
3.2
0.0
9.0
23.0
48.0
75.0
14.0
4.0
4.0
10.0
0.0
0.0
0.0
0.0
0.2
0.0
0.0
1.0
0.0
0.0
26.6
0.0
12.0
0.6
9.0
0.0
25.0
19.0
65.0
5.0
28.0
0.0
0.0
0.6
0.0
1.6
11.0
14.6
15.0
14.0
0.0
0.4
38.0
4.2
34.0
2.6
15.4
1.0
12.0
24.0
3.0
0.0
0.0
0.0
1.2
0.0
0.0
0.0
0.0
0.0
0.0
20.0
1.2
1.0
27.2
0.2
32.4
0.0
0.0
0.0
0.0
0.0
0.0
0.0
0.0
25.0
10.0
2.2
10.4
0.4
0.0
10.0
0.0
0.0
0.0
0.0
0.0
0.0
0.0
0.0
0.0
0.0
0.0
0.0
0.0
0.0
0.0
0.0
0.0
0.0
0.0
0.0
0.0
0.0
0.0
0.0
0.0
1.0
30.0
26.0
0.0
0.0
0.0
0.0
0.0
0.0
0.0
0.0
0.0
0.0
0.0
0.0
0.0
0.0
0.0
0.0
0.0
0.0
0.0
0.0
0.0
0.0
0.0
0.0
0.0
0.0
0.0
0.0
0.0
0.0
0.0
0.0
0.0
0.0
0.0
0.0
0.0
0.0
0.0
0.0
0.0
0.0
0.0
0.0
0.0
0.0
0.0
0.0
0.0
0.0
0.0
0.0
0.0
0.0
0.0
23.6
0.0
0.0
0.0
0.0
0.0
0.0
0.0
0.0
0.0
0.0
0.0
0.0
0.0
0.0
0.0
0.0
0.0
0.0
0.0
0.0
0.0
0.0
0.0
0.0
0.0
0.0
0.0
0.0
0.0
0.0
0.0
0.0
0.0
0.0
0.0
0.0
0.0
0.0
0.0
0.0
0.0
0.0
0.0
0.0
0.0
0.0
0.0
0.0
0.0
0.0
0.0
0.0
0.0
30.2
9.0
0.0
0.0
0.0
0.0
6.4
0.0
0.0
0.0
0.0
0.0
0.0
0.0
0.0
0.0
0.0
0.0
0.0
0.0
0.0
0.0
0.0
0.0
0.0
5.0
3.0
0.0
7.4
6.0
14.0
31.6
1.4
0.0
1.0
18.0
20.0
3.2
0.0
1.0
9.0
0.0
39.4
4.6
4.0
0.0
0.0
0.0
1.0
23.4
20.0
18.0
3.0
25.0
4.0
7.0
17.4
8.2
13.0
1.0
1.0
5.0
0.6
0.4
64.0
11.0
9.0
1.6
1.4
6.0
1.0
7.0
0.6
18.4
12.6
24.4
5.6
15.0
8.4
33.0
3.0
1.0
3.0
1.0
0.4
0.2
0.0
0.2
5.2
19.4
0.2
8.4
0.1
5.2
26.2
0.4
0.8
0.2
15.4
0.0
3.0
24.0
11.0
10.2
14.2
15.4
0.0
17.0
6.4
30.0
30.0
7.4
0.8
0.0
0.0
0.0
0.0
0.0
0.8
2.6
0.0
2.8
1.0
0.0
0.0
0.0
0.0
0.0
0.0
25.0
0.0
23.6
0.0
4.8
0.0
8.0
19.2
5.0
1.0
0.0
0.0
0.0
0.0
0.0
0.0
6.2
1.0
0.0
17.2
0.0
0.0
0.0
20.0
12.8
3.4
0.0
0.0
0.0
0.0
1.0
8.4
0.0
0.0
0.0
23.4
3.0
0.0
0.0
0.0
0.0
0.0
0.0
9.2
0.0
0.0
1.0
54.0
0.0
1.0
4.2
0.0
0.0
1.0
0.0
7.0
0.0
0.0
0.0
0.0
8.8
0.0
0.0
4.6
8.0
0.8
0.0
0.0
17.6
0.4
10.8
15.8
5.4
59.2
3.0
0.0
0.0
0.0
0.8
14.8
0.0
1.0
0.0
0.0
0.0
0.0
0.0
0.0
0.0
0.0
0.0
0.0
0.0
0.0
0.0
0.0
0.0
0.0
4.2
0.0
0.0
0.0
0.0
0.0
0.0
4.0
0.0
0.0
0.0
0.0
0.0
0.0
0.0
0.0
0.0
0.0
0.0
0.0
0.0
0.0
0.0
0.0
0.0
0.0
0.0
0.0
0.0
0.0
0.0
0.0
0.0
0.0
0.0
0.0
0.0
0.0
0.0
0.0
0.0
0.0
0.0
0.0
0.0
0.0
0.0
0.0
0.0
0.0
0.0
0.0
0.0
0.0
0.0
0.0
0.0
0.0
0.0
0.0
0.0
0.0
0.0
0.0
0.0
0.0
0.0
0.0
0.0
0.0
0.0
0.0
0.0
0.0
0.0
0.0
0.0
0.0
0.0
0.0
0.0
0.0
0.0
0.0
0.0
0.0
0.0
0.0
0.0
0.0
0.0
0.0
0.0
0.0
0.0
0.0
0.0
0.0
0.0
0.0
0.0
0.0
0.0
0.0
0.0
0.0
0.0
0.0
0.0
0.0
0.0
0.0
0.0
0.0
2.8
1.4
0.0
0.0
0.6
0.0
1.2
8.4
0.0
0.0
39.4
0.0
0.0
0.0
0.0
0.0
0.0
0.0
0.0
0.0
46.5
14.3
0.0
0.0
0.0
0.0
0.0
0.0
11.3
0.3
1.0
0.0
0.0
5.0
0.0
0.0
0.0
0.0
0.0
7.0
0.0
0.7
0.0
0.5
5.0
0.0
0.0
0.0
0.0
0.0
0.0
0.0
0.0
0.0
0.0
0.0
8.0
0.3
1.0
5.0
0.3
0.2
9.8
10.3
6.5
0.0
0.0
3.8
1.0
29.4
3.0
0.0
0.0
0.0
0.0
0.0
0.0
0.0
0.0
0.0
0.0
0.0
0.0
0.0
4.7
0.0
6.8
0.0
21.3
0.0
0.0
0.0
19.3
13.8
12.2
0.3
0.0
1.0
0.3
0.0
0.0
5.8
1.6
14.0
0.0
1.0
0.0
26.4
46.0
5.6
35.7
0.0
4.5
0.0
1.0
0.0
1.8
0.0
10.3
7.0
0.5
0.0
2.8
1.6
0.0
0.0
0.0
0.0
0.0
10.8
19.9
0.1
0.0
8.2
19.5
3.7
2.1
0.0
14.5
66.4
5.4
2.4
0.0
11.5
6.0
0.5
5.2
8.2
1.8
18.4
1.4
5.5
25.0
15.5
1.0
0.5
0.2
8.7
0.9
14.9
9.4
3.7
26.5
6.0
3.7
2.1
25.0
11.0
0.0
0.2
0.0
0.0
0.0
0.0
14.5
0.0
0.7
2.4
0.0
0.0
0.0
0.0
0.0
0.0
0.0
0.7
0.0
0.0
39.2
0.0
0.0
4.7
43.0
13.0
0.0
0.0
0.0
1.0
4.8
3.0
23.9
0.0
7.3
18.4
0.0
8.0
13.6
4.9
0.0
0.0
0.0
2.4
25.0
5.4
5.0
0.0
0.0
0.0
0.0
0.0
0.0
0.0
3.4
0.0
42.3
3.0
0.0
0.0
0.0
0.0
2.3
3.4
0.0
11.6
16.0
1.0
34.2
0.6
0.0
0.0
0.0
0.0
0.6
5.6
5.0
0.0
0.0
0.0
0.0
0.0
0.0
0.0
0.0
0.0
0.0
0.0
0.0
0.0
20.5
0.0
0.0
0.0
0.0
0.0
0.0
0.0
27.5
0.0
7.4
0.0
0.0
0.0
0.0
0.0
0.0
0.0
0.0
0.0
0.0
0.0
0.0
0.0
0.0
0.0
0.0
0.0
0.0
0.0
0.0
0.0
0.0
0.0
0.0
0.0
0.0
0.0
0.0
0.0
0.0
0.0
0.0
0.0
0.0
0.0
0.0
0.0
0.0
0.0
0.0
0.0
0.0
0.0
0.0
0.0
0.0
0.0
0.0
0.0
0.0
0.0
0.0
0.0
0.0
0.0
0.0
0.0
0.0
0.0
0.0
0.0
0.0
0.0
0.0
0.0
0.0
0.0
0.0
0.0
0.0
0.0
0.0
0.0
0.0
0.0
0.0
0.0
0.0
0.0
0.0
0.0
0.0
0.0
0.0
0.0
0.0
0.0
0.0
0.0
0.0
0.0
0.0
0.0
0.0
0.0
0.0
0.0
0.0
0.0
0.0
0.1
0.0
0.0
1.1
0.0
0.0
0.0
0.0
0.0
0.0
0.0
0.0
0.0
0.0
0.0
0.0
0.0
0.0
0.0
0.0
0.0
0.0
0.0
0.0
0.0
0.0
0.0
0.0
0.0
0.0
0.0
0.0
3.8
0.4
0.1
3.0
0.1
49.0
14.0
0.0
0.0
0.0
0.0
4.4
0.0
0.0
25.0
0.0
0.0
0.0
0.0
0.0
0.0
0.0
8.0
22.0
0.0
0.0
0.0
0.0
0.0
7.0
0.0
7.0
12.0
6.2
16.4
6.7
6.7
7.0
6.7
6.6
2.2
0.0
0.0
3.0
1.2
2.3
6.6
5.6
0.0
0.0
0.0
0.0
0.0
0.0
0.0
0.0
0.0
0.0
0.0
0.0
0.0
4.6
0.0
0.0
1.2
5.0
2.1
8.0
2.1
0.0
0.5
5.0
0.0
0.0
0.0
0.0
2.1
0.0
1.0
0.0
0.0
1.1
4.0
0.1
0.0
1.0
3.0
0.0
8.1
4.0
8.1
6.6
3.0
1.0
6.8
6.7
6.7
8.0
2.1
3.5
4.0
5.6
1.5
0.5
0.0
6.7
7.1
1.0
3.0
3.2
0.0
1.0
6.8
6.8
10.8
2.7
3.0
5.0
0.0
0.0
0.0
0.0
0.0
0.0
0.0
0.0
0.0
36.0
7.0
0.0
0.0
0.0
0.5
0.0
0.0
14.8
18.5
11.8
0.0
0.0
0.0
0.0
8.6
16.4
15.2
0.2
0.0
0.0
18.8
0.1
4.1
0.0
0.0
0.0
0.0
0.0
0.0
0.0
0.0
3.1
10.0
11.3
32.0
3.0
8.4
44.0
38.8
0.0
0.0
0.0
0.0
0.0
0.0
0.0
0.0
20.1
5.0
0.5
0.0
0.0
0.5
0.0
0.0
0.0
0.0
0.0
0.0
0.0
1.0
0.0
0.0
0.0
0.0
0.0
0.0
0.0
0.0
0.0
0.0
0.0
6.8
8.6
0.0
3.0
1.0
0.0
0.0
0.0
0.0
0.0
0.0
17.2
0.0
1.0
0.2
0.0
2.8
0.0
0.0
0.0
0.0
0.0
0.0
0.0
5.0
0.0
0.0
0.0
8.0
0.0
0.0
0.0
0.0
3.0
0.0
0.0
0.0
0.0
0.0
0.0
0.0
0.0
0.0
0.0
0.0
0.0
0.0
0.0
0.0
0.0
0.0
0.0
0.0
0.0
0.0
0.0
0.0
0.0
0.0
0.0
0.0
0.0
0.0
0.0
0.0
0.0
0.0
0.0
0.0
0.0
0.0
0.0
0.0
0.0
0.0
0.0
0.0
0.0
0.0
0.0
0.0
0.0
0.0
0.0
0.0
0.0
1.0
0.0
0.0
0.0
0.0
0.0
0.0
0.0
0.0
0.0
0.0
0.0
0.0
0.0
0.0
0.0
0.0
0.0
33.0
7.0
0.0
0.0
0.0
0.0
0.0
0.0
0.0
0.0
0.0
0.0
0.0
0.0
0.0
0.0
0.0
0.0
0.0
0.0
0.0
0.0
0.0
0.0
0.0
0.0
0.0
0.0
15.0
13.0
8.0
0.0
3.0
0.0
0.0
0.0
0.0
0.0
0.0
0.0
0.0
0.0
0.0
0.0
0.0
0.0
0.0
0.0
0.0
0.0
0.0
1.0
0.1
0.0
0.0
0.0
0.0
0.0
0.0
0.0
0.0
0.0
0.0
0.0
0.0
0.0
4.0
0.0
0.0
0.0
0.0
0.0
0.0
0.0
0.0
0.0
0.0
0.0
6.0
29.4
8.0
0.0
0.0
0.0
0.0
0.0
0.0
0.0
0.0
6.8
1.6
0.0
18.0
0.6
0.0
1.6
15.0
0.0
6.0
0.0
6.0
0.0
0.0
8.0
0.0
11.0
0.0
0.0
0.0
0.0
2.4
8.0
1.0
1.0
3.0
0.0
0.0
0.0
0.0
0.0
0.0
0.0
0.0
0.0
0.0
0.0
0.0
1.0
71.0
7.0
0.0
14.4
2.2
0.0
0.0
0.0
0.0
0.0
0.0
1.0
1.0
1.0
23.0
0.4
0.1
0.0
1.0
0.0
0.0
0.0
6.0
1.0
8.0
14.0
25.0
6.0
1.0
6.0
6.0
26.0
0.5
1.0
0.0
0.0
0.0
0.0
6.5
3.2
6.0
9.0
0.2
3.0
0.0
0.0
0.0
0.0
0.0
5.4
25.2
0.3
5.0
0.0
0.3
0.0
0.0
0.0
14.4
4.0
6.0
0.0
0.0
0.0
0.0
2.4
0.0
0.0
0.0
9.8
0.9
0.0
23.0
6.2
0.0
8.0
6.0
1.0
2.4
0.0
3.0
0.2
5.2
0.0
0.0
0.0
0.0
0.9
6.4
3.0
0.0
0.0
1.0
26.0
0.0
0.0
2.4
1.2
6.4
3.5
27.0
28.0
1.2
0.0
0.0
0.0
14.8
0.0
0.0
0.0
0.0
1.0
13.4
6.0
10.0
10.4
0.0
0.0
0.0
0.0
0.0
0.0
11.0
14.0
34.0
1.0
5.6
0.6
4.0
0.0
0.0
0.0
0.0
0.0
0.0
0.0
0.0
0.0
0.0
0.0
0.0
0.0
0.0
0.0
0.0
0.0
0.0
0.0
1.0
37.0
82.0
39.0
1.0
1.0
0.0
0.0
0.0
0.0
0.0
0.0
7.8
2.6
0.0
0.0
0.0
0.0
0.0
0.0
0.0
0.0
0.0
0.0
0.0
0.0
0.0
0.0
0.0
0.0
0.0
0.0
0.0
0.0
0.0
0.0
0.0
0.0
0.0
0.0
0.0
0.0
0.0
1.0
0.0
0.0
0.0
0.0
0.0
0.0
0.0
0.0
0.0
0.0
0.0
0.0
0.0
0.0
0.0
0.0
0.0
0.0
0.0
0.0
0.0
0.0
0.0
0.0
0.0
0.0
0.0
0.0
0.0
0.0
0.0
0.0
0.0
0.0
0.0
0.0
0.0
0.0
0.0
0.0
0.0
0.0
0.0
0.0
0.0
0.0
0.0
0.0
0.0
0.0
0.0
0.0
0.0
0.0
0.0
0.0
0.0
0.0
0.2
0.0
0.0
0.0
0.0
0.0
0.0
0.0
0.0
0.0
0.0
0.0
0.0
0.0
0.0
0.0
0.0
0.0
0.0
0.0
0.0
0.0
0.0
0.0
0.0
0.0
0.0
0.0
0.0
0.0
0.0
0.0
0.0
0.0
0.0
0.0
0.0
0.0
0.0
0.0
0.0
0.0
0.0
0.0
0.0
3.1
13.2
25.0
6.4
2.1
8.6
1.2
0.0
1.0
1.0
0.0
7.0
1.0
0.0
0.0
5.6
0.8
0.1
0.0
0.0
0.0
12.8
1.0
0.0
0.0
0.0
0.0
0.0
0.0
0.0
0.1
12.0
0.0
3.1
0.0
4.2
0.0
0.0
0.0
0.0
5.6
1.0
6.4
0.0
0.0
0.0
53.1
0.0
2.3
0.0
25.0
7.4
2.2
1.2
5.4
20.4
13.4
0.0
31.0
5.0
6.0
8.0
4.0
5.8
1.0
0.0
1.0
4.6
14.4
8.6
15.6
4.0
1.0
0.0
0.0
14.2
0.0
0.0
22.2
4.1
1.0
3.2
0.0
0.1
0.0
6.8
8.2
2.4
3.2
4.4
8.2
5.2
2.2
0.0
15.2
0.0
6.0
0.0
17.0
0.0
11.6
12.4
7.0
7.0
24.0
45.0
0.2
0.0
0.0
0.2
22.0
16.0
5.0
5.0
0.0
0.0
0.0
0.0
0.0
0.0
0.0
0.0
0.0
0.0
0.0
0.0
0.0
0.0
0.0
0.0
0.0
16.0
14.1
8.0
17.0
10.2
0.0
0.0
0.0
6.0
0.0
14.0
6.0
4.0
2.7
0.0
27.0
0.0
0.0
0.0
90.6
2.4
0.0
23.0
0.0
0.0
3.8
0.0
0.0
0.0
0.0
10.0
11.0
0.0
35.0
2.4
0.0
0.0
3.5
2.2
4.8
2.4
3.5
0.1
29.4
4.0
0.0
0.0
0.0
0.0
0.0
0.0
0.0
0.0
2.3
0.0
0.0
0.0
0.0
3.3
0.0
0.0
0.0
4.0
23.0
9.8
49.0
1.0
3.0
0.0
0.0
0.0
0.0
0.0
0.0
0.0
0.0
3.5
2.3
8.6
25.0
11.1
4.8
2.5
0.0
0.0
0.0
0.0
0.0
0.0
0.0
0.0
0.0
0.0
0.0
0.0
0.0
0.0
0.0
0.0
0.0
0.0
0.0
0.0
0.0
0.0
0.0
0.0
0.0
0.0
0.0
0.0
0.0
0.0
0.0
0.0
0.0
0.0
0.0
0.0
4.2
0.0
0.0
0.0
0.0
0.0
0.0
16.8
2.3
0.0
0.0
0.0
0.0
0.0
0.0
0.0
0.0
0.0
0.0
0.0
0.0
0.0
0.0
0.0
0.0
0.0
0.0
0.0
0.0
0.0
0.0
0.0
0.0
0.0
0.0
0.0
0.0
0.0
0.0
0.0
0.0
0.0
0.0
0.0
0.0
0.0
0.0
0.0
0.0
0.0
0.0
0.0
0.0
0.0
0.0
0.0
0.0
0.0
0.0
0.0
0.0
0.0
0.0
0.0
0.0
0.0
0.0
0.0
0.0
0.0
0.0
0.0
0.0
0.0
0.0
0.0
0.0
0.0
0.0
0.0
0.0
0.0
0.0
0.0
0.0
0.0
0.0
0.0
0.0
0.0
0.0
0.0
0.0
0.0
0.0
0.0
0.0
0.0
0.0
0.0
0.0
0.0
0.0
0.0
0.0
0.0
0.0
0.0
0.0
0.0
5.0
0.0
0.0
0.0
0.0
0.0
0.0
0.0
0.0
0.0
0.0
0.0
0.0
0.0
3.2
0.0
0.0
1.2
0.0
3.0
1.0
15.0
0.0
0.0
0.0
0.0
0.0
0.0
0.0
7.7
3.7
0.0
0.0
10.0
0.0
0.0
47.0
0.0
43.8
20.4
60.0
52.4
3.0
1.0
0.0
0.0
0.0
0.0
1.0
1.0
17.0
10.0
2.4
10.0
0.0
4.0
1.0
0.0
0.0
0.0
0.0
3.0
0.0
0.0
0.0
0.0
30.0
0.0
0.0
0.0
1.2
0.0
0.0
24.4
2.1
0.0
20.0
0.0
25.0
0.0
0.0
0.0
4.2
0.0
0.0
1.2
0.0
3.2
5.4
29.5
4.0
0.0
11.6
67.0
4.0
3.0
0.0
0.0
17.0
0.0
0.0
0.0
0.0
3.1
4.3
0.0
0.0
0.0
17.5
6.2
2.2
32.3
0.0
3.0
15.0
1.2
0.0
3.0
9.0
0.0
0.0
0.0
0.0
0.0
0.0
0.0
5.0
4.0
0.0
0.0
0.0
0.0
0.0
0.0
0.0
0.0
0.0
0.0
0.0
0.0
0.0
0.0
2.5
7.5
18.2
0.0
1.5
0.0
16.0
15.0
3.2
5.0
5.0
4.2
13.0
7.2
2.3
0.0
0.0
0.0
0.0
24.0
0.0
2.2
25.0
8.2
0.0
0.0
0.0
5.0
0.0
22.4
0.0
2.4
25.0
9.1
9.3
0.0
0.0
5.2
1.4
0.0
10.3
1.2
0.0
0.0
0.0
0.0
0.0
0.0
0.0
0.0
0.0
9.0
0.0
0.0
0.0
0.0
0.0
0.0
0.0
0.0
0.0
0.0
0.0
0.0
0.0
0.0
1.0
0.0
1.4
0.0
6.2
0.0
0.0
1.0
0.0
0.0
0.0
5.2
10.0
11.0
0.0
0.0
0.0
0.0
0.0
0.0
0.0
0.0
0.0
0.0
0.0
0.0
0.0
0.0
0.0
0.0
0.0
0.0
0.0
0.0
0.0
0.0
0.0
0.0
0.0
0.0
0.0
0.0
0.0
0.0
0.0
0.0
0.0
0.0
0.0
0.0
0.0
0.0
0.0
0.0
0.0
0.0
0.0
0.0
0.0
0.0
0.0
0.0
1.0
0.0
0.0
0.0
0.0
0.0
0.0
0.0
0.0
0.0
8.0
10.2
6.2
7.4
0.0
0.0
0.0
2.2
0.0
0.0
0.0
0.0
0.0
0.0
0.0
0.0
0.0
0.0
0.0
0.0
0.0
0.0
0.0
0.0
0.0
0.0
0.0
0.0
0.0
0.0
0.0
0.0
0.0
0.0
0.0
0.0
0.0
0.0
0.0
13.0
0.0
0.0
0.0
0.0
0.0
0.0
0.0
0.0
0.0
0.0
0.0
0.0
0.0
0.0
6.0
0.0
0.0
0.0
0.0
0.0
0.0
0.0
0.0
0.0
4.5
0.0
0.0
9.3
4.0
0.0
0.0
0.0
0.0
13.4
0.0
19.0
0.0
1.2
0.0
0.0
0.0
0.0
7.4
0.0
0.0
0.0
0.0
0.0
0.0
0.0
12.0
10.1
0.0
0.0
0.0
0.0
0.0
0.0
0.0
11.3
7.3
0.0
5.0
0.0
0.0
0.0
0.0
0.0
0.0
3.4
0.0
0.0
0.0
4.3
0.0
0.0
17.0
14.3
9.0
9.2
0.0
10.0
0.0
36.0
0.0
0.0
5.2
0.0
0.0
11.2
0.0
0.0
0.0
0.0
0.0
28.0
21.0
25.0
0.0
19.3
19.0
1.3
25.0
14.0
14.0
21.0
0.0
8.0
50.0
65.0
19.2
0.0
0.0
0.0
0.0
0.0
0.0
14.0
19.0
18.0
0.0
69.0
1.3
4.0
8.0
0.0
0.0
4.0
18.3
0.0
3.0
0.0
9.0
5.0
14.2
9.3
10.0
14.2
15.0
100.0
25.0
9.0
25.0
0.0
2.3
10.3
6.0
7.0
6.0
13.0
16.0
8.0
9.0
7.5
0.0
13.0
12.4
12.2
13.0
20.0
0.0
13.3
28.2
2.4
0.0
0.0
0.0
0.0
0.0
0.0
0.0
0.0
0.0
0.0
0.0
0.0
0.0
0.0
0.0
10.0
0.0
4.1
31.1
0.0
0.0
0.0
0.0
0.0
0.0
0.0
0.0
2.2
0.0
4.3
0.0
0.0
0.0
13.1
29.3
13.2
14.0
0.0
0.0
0.0
23.3
2.3
0.0
10.6
9.3
13.0
8.3
0.0
7.2
0.0
0.0
0.0
0.0
0.0
0.0
4.1
0.0
0.0
0.0
0.0
0.0
0.0
0.0
24.4
0.0
0.0
11.3
0.0
0.0
14.4
16.4
0.0
0.0
0.0
0.0
0.0
0.0
0.0
0.0
0.0
0.0
0.0
0.0
18.1
0.0
0.0
5.4
0.0
19.0
30.0
0.0
0.0
0.0
0.0
0.0
0.0
0.0
0.0
0.0
0.0
0.0
0.0
0.0
0.0
0.0
0.0
0.0
0.0
0.0
0.0
0.0
0.0
13.4
9.1
0.0
13.4
1.0
26.0
18.1
21.2
0.0
0.0
0.0
0.0
0.0
0.0
0.0
0.0
0.0
0.0
0.0
0.0
0.0
0.0
0.0
0.0
0.0
0.0
0.0
0.0
0.0
0.0
0.0
0.0
0.0
0.0
0.0
0.0
0.0
0.0
0.0
0.0
0.0
0.0
0.0
0.0
0.0
0.0
0.0
0.0
0.0
0.0
0.0
0.0
0.0
0.0
0.0
0.0
0.0
0.0
0.0
0.0
0.0
0.0
0.0
0.0
0.0
0.0
0.0
0.0
0.0
0.0
11.4
1.0
0.0
0.0
0.0
0.0
0.0
0.0
0.0
0.0
0.0
0.0
0.0
0.0
0.0
0.0
0.0
0.0
0.0
0.0
0.0
0.0
0.0
0.0
0.0
0.0
0.0
0.0
0.0
0.0
0.0
0.0
0.0
0.0
0.0
0.0
0.0
0.0
0.0
0.0
0.0
0.0
0.0
0.0
0.0
0.0
0.0
16.0
0.0
0.0
0.0
2.4
0.0
0.0
0.0
0.0
0.0
0.0
0.0
0.0
0.0
50.0
16.3
49.4
0.0
0.0
0.0
0.0
0.0
0.0
0.0
0.0
0.0
0.0
0.0
0.0
25.0
0.0
0.0
0.0
0.0
0.0
0.0
0.0
0.0
0.0
0.0
0.0
0.0
0.0
0.0
0.0
0.0
0.0
19.2
0.0
8.1
0.0
40.4
0.0
0.0
0.0
0.0
20.3
33.0
0.0
0.0
0.0
0.0
0.0
0.0
0.0
0.0
0.0
19.2
25.2
45.3
0.0
0.0
0.0
0.0
0.0
11.4
0.0
0.0
0.0
0.0
0.0
0.0
0.0
0.0
0.0
10.3
0.0
0.0
0.0
8.0
12.2
5.2
11.4
0.0
78.2
0.0
0.0
0.0
0.0
0.0
2.4
19.4
0.0
1.0
2.4
0.0
10.0
16.4
0.0
0.0
0.0
0.0
0.0
0.0
0.0
0.0
13.3
0.0
0.0
0.0
33.0
0.0
0.0
0.0
0.0
0.0
0.5
5.5
8.0
0.0
0.0
16.2
18.2
11.1
4.0
0.0
0.0
13.1
15.0
5.4
0.0
0.0
0.0
27.1
0.0
0.0
11.4
20.4
5.0
0.0
0.0
0.0
0.0
0.0
0.0
0.0
28.2
0.0
29.3
0.0
1.4
15.3
0.0
0.0
9.3
14.2
0.0
0.0
0.0
0.0
0.0
7.2
5.1
0.0
0.0
19.0
22.1
39.1
0.0
16.0
114.0
18.0
1.0
13.2
0.0
17.4
1.2
2.4
5.4
0.0
64.2
0.0
0.0
0.0
0.0
0.0
0.0
0.0
0.0
0.0
17.2
9.0
0.0
25.4
10.0
7.0
40.0
23.0
0.0
8.0
27.0
0.0
0.0
0.0
0.0
3.2
3.0
0.0
9.0
3.4
8.4
0.0
0.0
15.0
0.0
2.4
18.2
0.0
22.2
0.0
23.3
0.0
0.0
0.0
0.0
0.0
0.0
0.0
0.0
0.0
0.0
0.0
0.0
0.0
0.0
0.0
0.0
0.0
0.0
0.0
0.0
0.0
0.0
0.0
0.0
0.0
0.0
0.0
0.0
0.0
0.0
0.0
25.3
0.0
0.0
0.0
0.0
0.0
0.0
0.0
0.0
0.0
0.0
0.0
0.0
0.0
0.0
0.0
0.0
0.0
0.0
0.0
0.0
0.0
0.0
0.0
0.0
0.0
0.0
0.0
0.0
0.0
0.0
0.0
0.0
0.0
0.0
0.0
0.0
0.0
0.0
0.0
0.0
0.0
0.0
0.0
0.0
0.0
0.0
0.0
0.0
0.0
0.0
0.0
0.0
0.0
0.0
0.0
0.0
0.0
0.0
0.0
0.0
0.0
0.0
0.0
0.0
0.0
0.0
0.0
0.0
0.0
0.0
0.0
0.0
0.0
0.0
0.0
0.0
0.0
0.0
0.0
0.0
0.0
0.0
0.0
0.0
0.0
0.0
0.0
0.0
0.0
0.0
0.0
0.0
0.0
0.0
0.0
0.0
0.0
0.0
0.0
0.0
0.0
0.0
0.0
0.0
0.0
0.0
0.0
0.0
0.0
0.0
0.0
0.0
0.0
0.0
0.0
0.0
0.0
0.0
0.0
0.0
0.0
22.1
0.0
6.1
0.0
22.2
0.0
0.0
0.0
0.0
0.0
0.0
0.0
0.0
0.0
1.1
3.2
2.1
0.0
7.4
0.0
0.0
10.1
0.0
7.4
0.0
0.0
0.0
0.0
0.0
0.0
0.0
0.0
31.0
0.0
0.0
0.0
0.0
0.0
0.0
0.0
0.0
0.0
0.0
0.0
0.0
16.4
21.4
42.0
0.0
16.3
32.3
10.2
1.0
6.4
22.2
0.0
14.2
0.0
20.0
0.0
1.0
42.0
17.2
17.3
8.4
2.2
18.3
0.0
2.3
1.0
8.3
0.0
0.0
0.0
0.0
11.2
7.4
6.0
7.0
38.4
37.3
10.0
11.0
9.4
0.0
40.4
0.0
48.2
10.3
1.2
3.4
8.2
0.0
10.1
0.0
0.0
24.1
0.0
1.1
0.0
0.0
0.0
0.0
0.0
26.0
6.3
4.2
0.0
16.2
1.0
10.0
1.4
0.0
0.0
15.4
8.0
0.0
0.0
23.2
3.1
1.4
12.0
11.3
6.0
0.0
3.0
24.2
1.0
3.2
13.0
17.1
1.4
10.0
11.0
0.0
4.0
33.1
35.0
18.2
8.0
4.0
1.0
38.0
1.4
19.3
45.2
16.2
12.4
14.1
2.3
5.3
3.1
10.0
0.0
1.3
0.0
0.0
0.0
0.0
0.0
0.0
25.0
11.3
0.0
0.0
0.0
0.0
6.2
4.4
0.0
0.0
0.0
0.0
0.0
0.0
0.0
4.4
8.4
11.3
0.0
0.0
0.0
12.1
10.1
0.0
0.0
0.0
0.0
0.0
4.4
0.0
0.0
16.0
9.1
0.0
0.0
0.0
53.0
2.1
0.0
0.0
0.0
0.0
0.0
3.3
2.4
5.2
0.0
0.0
0.0
0.0
1.2
0.0
0.0
0.0
0.0
0.0
38.3
5.2
2.1
11.1
34.0
0.0
0.0
3.3
1.0
0.0
0.0
0.0
0.0
0.0
0.0
23.3
0.0
0.0
0.0
0.0
0.0
0.0
0.0
0.0
4.0
0.0
0.0
0.0
0.0
0.0
0.0
0.0
0.0
0.0
0.0
0.0
0.0
0.0
0.0
0.0
0.0
0.0
0.0
0.0
0.0
0.0
0.0
0.0
0.0
0.0
0.0
0.0
0.0
0.0
0.0
0.0
0.0
0.0
0.0
0.0
0.0
0.0
0.0
0.0
0.0
0.0
0.0
0.0
0.0
0.0
0.0
0.0
0.0
0.0
0.0
0.0
0.0
0.0
0.0
0.0
0.0
0.0
0.0
0.0
0.0
0.0
0.0
0.0
0.0
0.0
0.0
0.0
0.0
0.0
0.0
0.0
0.0
0.0
0.0
0.0
0.0
0.0
0.0
0.0
0.0
0.0
0.0
0.0
0.0
0.0
0.0
0.0
0.0
0.0
0.0
0.0
0.0
0.0
0.0
0.0
0.0
0.0
0.0
0.0
0.0
0.0
0.0
17.2
15.0
5.1
23.0
0.0
0.0
0.0
0.0
0.0
0.0
0.0
1.1
5.4
0.0
0.0
0.4
0.0
0.0
0.0
0.0
0.0
1.0
45.3
2.3
19.2
0.0
0.0
0.0
0.0
0.0
0.0
3.1
1.0
0.0
0.0
6.1
0.0
40.3
15.4
5.2
17.0
1.0
12.4
0.0
0.0
11.1
0.0
37.0
0.0
0.0
0.0
0.0
2.1
1.0
0.0
7.1
6.0
0.0
0.0
2.3
6.3
3.1
20.4
1.0
0.0
0.0
8.1
1.0
37.4
7.3
22.0
72.2
29.0
11.0
1.1
0.0
10.1
32.4
16.4
37.4
0.0
0.0
15.4
5.1
0.0
9.4
0.0
0.0
0.0
15.1
9.2
0.0
0.0
24.4
0.0
24.1
5.4
6.0
1.0
1.1
0.0
10.4
1.2
47.2
16.4
17.4
1.2
3.0
1.0
0.0
5.0
10.3
0.0
10.0
10.3
7.0
0.0
1.0
30.3
0.0
0.0
16.0
10.0
10.0
10.1
0.0
0.0
0.0
0.0
0.0
0.0
0.0
0.0
5.0
18.4
0.0
0.0
0.0
9.2
0.0
0.0
0.0
0.0
0.0
0.0
30.5
20.2
1.1
1.0
5.2
3.4
0.0
4.2
0.0
0.0
0.0
0.0
0.0
0.0
0.0
20.0
0.0
35.4
1.0
3.0
0.0
3.1
2.4
35.0
0.0
47.0
7.2
11.4
0.0
34.0
18.1
6.4
8.1
17.4
0.0
0.0
0.0
52.4
6.3
2.1
4.4
0.0
0.0
1.4
1.4
0.0
0.0
0.0
0.0
0.0
0.0
0.0
0.0
0.0
0.0
0.0
0.0
3.2
36.0
0.0
0.0
0.0
0.0
0.0
8.1
0.0
0.0
3.4
11.4
0.0
21.4
8.0
17.1
9.4
24.2
2.2
0.0
13.0
0.0
31.1
31.2
8.2
20.1
0.0
0.0
0.0
0.0
0.0
0.0
0.0
0.0
0.0
0.0
0.0
0.0
0.0
0.0
0.0
4.2
0.0
0.0
0.0
0.0
0.0
0.0
0.0
6.0
10.1
0.0
0.0
0.0
0.0
0.0
0.0
0.0
4.0
0.0
0.0
17.1
0.0
0.0
0.0
0.0
0.0
0.0
0.0
0.0
0.0
0.0
0.0
0.0
0.0
0.0
0.0
0.0
0.0
0.0
0.0
0.0
9.2
0.0
0.0
0.0
0.0
0.0
0.0
0.0
0.0
0.0
0.0
0.0
0.0
0.0
0.0
0.0
0.0
0.0
0.0
0.0
0.0
0.0
0.0
0.0
0.0
0.0
0.0
0.0
0.0
0.0
0.0
0.0
0.0
0.0
0.0
0.0
0.0
0.0
0.0
0.0
0.0
0.0
0.0
0.0
0.0
0.0
0.0
0.0
0.0
0.0
0.0
0.0
0.0
0.0
0.0
0.0
0.0
0.0
0.0
0.0
0.0
0.0
0.0
0.0
0.0
0.0
0.0
0.0
0.0
0.0
4.4
2.2
0.0
0.0
0.0
0.0
1.0
0.0
18.3
4.0
2.2
0.0
0.0
0.0
0.0
0.0
0.0
0.0
0.0
0.0
0.0
0.0
0.0
0.0
0.0
0.0
0.0
0.0
0.0
0.0
0.0
0.0
0.0
0.0
0.0
0.0
0.0
0.0
10.3
0.0
0.0
0.0
31.0
0.0
0.0
6.0
0.0
0.0
0.0
0.0
0.0
18.0
0.0
0.0
0.0
0.0
0.0
0.0
0.0
0.0
0.0
0.0
3.0
23.0
0.0
0.0
0.0
0.0
0.0
15.3
0.0
0.0
0.0
14.2
0.0
0.0
0.0
0.0
0.0
0.0
9.0
0.0
24.3
0.0
0.0
9.0
0.0
0.0
0.0
0.0
0.0
0.0
0.0
5.0
0.0
4.1
0.0
4.0
0.0
0.0
0.0
0.0
12.0
43.0
19.2
0.0
0.0
0.0
0.0
13.3
2.4
8.3
0.0
0.0
24.3
7.4
15.1
0.0
0.0
28.0
0.0
13.4
3.4
0.0
0.0
0.0
45.0
4.4
56.0
7.4
56.4
54.1
24.0
5.3
0.0
0.0
9.0
0.0
24.1
0.0
35.3
20.2
0.0
0.0
27.4
0.0
39.2
41.3
0.0
5.4
1.2
20.4
0.0
0.0
0.0
0.0
35.1
9.0
0.0
26.0
31.3
0.0
12.0
10.4
11.2
0.0
0.0
5.1
0.0
0.0
0.0
0.0
0.0
0.0
8.1
3.3
0.0
19.1
0.0
11.1
0.0
16.3
2.3
0.0
3.4
4.4
0.0
0.0
0.0
0.0
0.0
1.0
10.2
1.2
4.2
0.0
0.0
0.0
40.0
0.0
8.3
22.1
40.2
27.1
15.2
0.0
37.0
4.2
45.2
5.0
30.2
10.0
0.0
84.3
5.3
0.0
0.0
10.0
0.0
0.0
6.2
1.3
0.0
0.0
0.0
0.0
0.0
0.0
0.0
0.0
1.1
41.0
1.0
0.0
0.0
0.0
22.2
10.2
5.0
0.0
0.0
0.0
5.2
0.0
0.0
0.0
40.0
16.4
0.0
0.0
0.0
0.0
0.0
0.0
0.0
0.0
0.0
0.0
0.0
0.0
0.0
0.0
0.0
0.0
0.0
0.0
0.0
0.0
0.0
0.0
0.0
0.0
0.0
0.0
0.0
0.0
0.0
13.2
0.0
13.1
0.0
0.0
0.0
0.0
0.0
0.0
0.0
0.0
0.0
0.0
0.0
0.0
0.0
0.0
0.0
0.0
0.0
0.0
0.0
0.0
0.0
0.0
0.0
0.0
0.0
0.0
0.0
0.0
0.0
0.0
0.0
0.0
22.4
0.0
0.0
0.0
0.0
0.0
0.0
0.0
0.0
0.0
0.0
0.0
0.0
0.0
0.0
0.0
0.0
0.0
0.0
0.0
0.0
0.0
0.0
0.0
0.0
0.0
0.0
0.0
0.0
0.0
0.0
3.5
2.5
0.0
0.0
0.0
0.0
0.0
0.0
0.0
0.0
0.0
0.0
0.0
0.0
0.0
0.0
0.0
0.0
0.0
0.0
0.0
0.0
0.0
0.0
0.0
0.0
0.0
0.0
0.0
0.0
0.0
0.0
0.0
0.0
0.0
0.0
0.0
0.0
0.0
0.0
0.0
0.0
0.0
0.0
0.0
0.0
0.0
0.0
0.0
0.0
0.0
0.0
0.0
0.0
0.0
0.0
0.0
0.0
0.0
0.0
0.0
0.0
0.0
0.0
0.0
0.0
0.0
0.0
0.0
0.0
0.0
0.0
0.0
0.0
0.0
3.2
0.0
0.0
0.0
0.0
0.0
0.0
0.0
0.0
0.0
0.0
0.0
0.0
0.0
0.0
0.0
0.0
0.0
1.0
0.0
28.1
0.0
0.0
0.0
0.0
0.0
0.0
0.0
0.0
0.0
0.0
0.0
0.0
0.0
2.2
0.0
0.0
0.0
10.2
0.0
0.0
1.1
1.0
1.2
13.2
4.0
4.0
62.1
5.3
66.0
10.3
4.3
7.4
0.0
26.2
6.1
0.0
3.2
0.0
21.0
34.0
5.0
11.2
1.0
0.0
0.0
0.0
0.0
0.0
0.0
61.0
15.0
46.4
20.4
0.0
63.0
48.0
23.3
0.0
0.0
4.0
0.0
0.0
24.3
0.0
1.2
15.0
3.0
16.2
14.4
12.2
20.2
0.0
0.0
0.0
0.0
0.0
0.0
0.0
0.0
0.0
0.0
0.0
0.0
0.0
0.0
8.2
0.0
26.0
0.0
0.0
0.0
10.2
0.0
19.4
11.0
0.0
28.4
1.1
52.0
5.4
0.0
0.0
0.0
0.0
17.4
0.0
2.4
22.2
1.0
4.1
0.0
0.0
4.0
33.0
1.0
0.0
3.4
0.0
0.0
0.0
0.0
0.0
0.0
2.4
0.0
0.0
0.0
0.0
0.0
0.0
0.0
0.0
0.0
0.0
0.0
0.0
0.0
0.0
0.0
1.0
27.1
0.0
21.0
59.1
0.0
6.1
4.2
4.4
0.0
83.0
12.0
5.0
18.4
3.3
0.0
3.0
0.0
0.0
26.1
1.0
0.0
0.0
2.1
10.2
0.0
0.0
0.0
0.0
0.0
0.0
0.0
0.0
0.0
0.0
0.0
23.2
71.0
29.3
49.3
13.4
4.4
0.0
0.0
0.0
0.0
0.0
0.0
15.0
0.0
0.0
0.0
1.0
4.2
0.0
0.0
5.1
8.0
0.0
0.0
0.0
0.0
0.0
0.0
0.0
0.0
0.0
0.0
0.0
0.0
0.0
0.0
0.0
0.0
0.0
0.0
0.0
0.0
0.0
0.0
0.0
0.0
0.0
0.0
0.0
0.0
0.0
0.0
0.0
0.0
0.0
0.0
0.0
0.0
0.0
0.0
0.0
0.0
0.0
0.0
0.0
0.0
0.0
0.0
0.0
0.0
0.0
0.0
0.0
0.0
0.0
0.0
0.0
0.0
0.0
0.0
0.0
0.0
0.0
0.0
0.0
0.0
0.0
0.0
0.0
0.0
0.0
0.0
0.0
0.0
0.0
0.0
0.0
0.0
0.0
0.0
0.0
0.0
0.0
0.0
0.0
0.0
0.0
0.0
0.0
0.0
0.0
0.0
0.0
0.0
0.0
0.0
0.0
0.0
0.0
0.0
0.0
0.0
0.0
0.0
0.0
0.0
0.0
0.0
0.0
0.0
0.0
0.0
0.0
0.0
0.0
0.0
0.0
0.0
0.0
0.0
0.0
0.0
0.0
0.0
0.0
0.0
0.0
0.0
0.0
0.0
0.0
0.0
0.0
0.0
0.0
0.0
0.0
0.0
0.0
10.3
0.0
0.0
0.0
0.0
0.0
0.0
0.0
0.0
4.1
8.1
53.1
0.0
1.0
0.0
0.0
1.0
0.0
0.0
0.0
0.0
0.0
0.0
19.4
5.1
0.0
11.2
0.0
0.0
0.0
0.0
0.0
11.4
17.0
0.0
10.1
1.0
23.4
11.0
35.1
0.0
0.0
0.0
0.0
19.0
4.4
8.4
0.0
0.0
0.0
45.1
0.0
2.4
61.2
4.4
1.2
0.0
0.0
10.1
52.2
24.4
0.0
0.0
0.0
27.4
0.0
0.0
0.0
39.0
0.0
0.0
1.2
0.0
0.0
18.0
14.4
8.4
0.0
8.4
10.4
1.2
0.0
0.0
0.0
0.0
0.0
0.0
3.1
1.0
15.4
0.0
13.1
25.5
2.2
2.4
1.0
0.0
0.0
1.0
0.0
4.2
0.0
1.0
0.0
1.4
10.0
39.4
7.2
0.0
0.0
0.0
0.0
0.0
0.0
0.0
17.0
0.0
9.1
0.0
0.0
0.0
0.0
0.0
0.0
0.0
3.2
0.0
0.0
12.1
1.2
28.0
0.0
0.0
0.0
0.0
0.0
0.0
0.0
0.0
0.0
0.0
0.0
0.0
0.0
0.0
0.0
0.0
0.0
63.4
10.1
5.2
4.4
0.0
1.0
12.2
0.0
0.0
6.0
38.2
0.0
0.0
47.2
5.3
30.0
9.4
0.0
0.0
1.0
13.1
6.1
0.0
0.0
18.3
3.4
0.0
0.0
0.0
0.0
0.0
0.0
1.0
0.0
5.3
0.0
0.0
1.0
0.0
0.0
0.0
0.0
0.0
0.0
0.0
0.0
0.0
0.0
3.1
0.0
28.3
3.0
13.0
0.0
0.0
1.0
0.0
0.0
0.0
0.0
0.0
0.0
0.0
0.0
0.0
0.0
0.0
0.0
0.0
0.0
0.0
0.0
0.0
0.0
0.0
0.0
0.0
0.0
0.0
0.0
0.0
0.0
0.0
0.0
0.0
0.0
0.0
0.0
2.2
30.4
8.0
57.2
2.2
0.0
0.0
0.0
0.0
0.0
0.0
0.0
0.0
0.0
0.0
0.0
0.0
0.0
0.0
0.0
0.0
0.0
0.0
0.0
0.0
0.0
0.0
0.0
0.0
0.0
0.0
0.0
0.0
0.0
0.0
0.0
0.0
0.0
0.0
0.0
0.0
0.0
0.0
0.0
0.0
0.0
0.0
0.0
0.0
0.0
0.0
0.0
0.0
0.0
0.0
0.0
0.0
0.0
0.0
0.0
0.0
0.0
0.0
0.0
0.0
0.0
0.0
0.0
0.0
0.0
0.0
0.0
0.0
0.0
0.0
0.0
0.0
0.0
0.0
0.0
0.0
0.0
0.0
0.0
4.0
6.0
0.0
0.0
1.2
28.1
0.0
0.0
0.0
0.0
0.0
0.0
0.0
0.0
0.0
0.0
0.0
0.0
0.0
0.0
0.0
0.0
0.0
0.0
0.0
6.0
0.0
0.0
0.0
0.0
0.0
0.0
0.0
0.0
0.0
0.0
0.0
0.0
0.0
2.3
0.0
0.0
0.0
0.0
0.0
0.0
0.0
0.0
0.0
0.0
0.0
0.0
6.2
4.2
0.0
1.0
0.0
8.0
0.0
1.0
0.0
0.0
0.0
0.0
0.0
0.0
0.0
0.0
0.0
0.0
1.2
0.0
0.0
0.0
0.0
3.2
0.0
0.0
2.2
9.3
7.2
18.1
0.0
9.3
1.0
5.3
29.4
0.0
0.0
0.0
0.0
0.0
0.0
0.0
0.0
12.2
35.3
1.0
0.0
9.4
10.3
34.3
9.2
36.2
28.0
19.4
0.0
14.2
0.0
1.0
4.1
11.1
10.1
0.0
6.2
0.0
44.0
0.0
0.0
0.0
53.1
2.4
39.0
0.0
6.0
6.0
1.0
0.0
0.0
0.0
6.4
7.1
16.3
1.0
7.2
13.1
26.1
7.4
2.1
3.1
6.3
10.4
1.2
3.0
8.2
77.2
14.2
9.2
0.0
1.0
25.3
2.3
2.3
0.0
0.0
0.0
14.3
14.3
0.0
0.0
6.0
0.0
9.1
2.3
1.0
5.2
7.2
4.3
1.4
0.0
29.3
8.1
8.3
0.0
0.0
23.3
8.0
1.0
0.0
0.0
0.0
0.0
1.2
0.0
0.0
0.0
0.0
0.0
0.0
0.0
0.0
4.1
0.0
0.0
0.0
0.0
0.0
0.0
44.2
0.0
7.0
0.0
0.0
0.0
2.1
0.0
45.2
7.3
0.0
56.4
4.0
0.0
0.0
0.0
32.0
0.0
0.0
44.2
13.4
30.0
7.2
12.0
15.2
0.0
7.0
0.0
0.0
0.0
3.1
6.0
18.2
30.1
5.1
0.0
0.0
3.3
0.0
0.0
37.0
0.0
0.0
0.0
0.0
0.0
0.0
0.0
0.0
3.3
0.0
6.0
0.0
0.0
4.1
0.0
0.0
3.0
0.0
0.0
0.0
1.0
0.0
0.0
0.0
5.0
0.0
0.0
0.0
0.0
0.0
0.0
0.0
0.0
0.0
0.0
0.0
0.0
26.0
28.0
5.2
0.0
0.0
0.0
0.0
0.0
10.0
0.0
0.0
0.0
0.0
0.0
0.0
0.0
0.0
0.0
0.0
0.0
0.0
0.0
6.1
0.0
0.0
0.0
0.0
0.0
0.0
1.2
0.0
0.0
2.4
0.0
0.0
0.0
0.0
0.0
0.0
0.0
0.0
0.0
0.0
0.0
0.0
0.0
0.0
0.0
0.0
0.0
0.0
0.0
0.0
0.0
0.0
0.0
0.0
0.0
0.0
0.0
0.0
0.0
0.0
0.0
0.0
0.0
0.0
0.0
0.0
0.0
0.0
0.0
0.0
0.0
0.0
0.0
0.0
0.0
0.0
0.0
0.0
0.0
0.0
0.0
0.0
0.0
0.0
0.0
0.0
0.0
0.0
0.0
0.0
0.0
0.0
0.0
0.0
0.0
0.0
0.0
0.0
0.0
0.0
0.0
0.0
0.0
0.0
0.0
0.0
0.0
0.0
0.0
0.0
0.0
0.0
0.0
0.0
0.0
0.0
11.1
0.0
4.4
0.0
0.0
0.0
0.0
0.0
5.2
0.0
6.0
0.0
0.0
6.1
27.2
78.2
0.0
18.2
0.0
6.2
0.0
0.0
0.0
0.0
0.0
0.0
0.0
0.0
0.0
0.0
0.0
0.0
0.0
0.0
0.0
0.0
0.0
51.0
0.0
0.0
1.0
6.0
0.0
0.0
16.0
1.2
0.0
0.0
33.4
0.0
0.0
11.2
0.0
0.0
0.0
0.0
0.0
0.0
0.0
5.4
0.0
0.0
1.4
2.2
23.0
7.0
54.3
0.0
20.0
11.4
8.4
0.0
12.1
0.0
0.0
2.3
6.1
4.2
34.3
3.4
0.0
0.0
0.0
0.0
8.0
0.0
0.0
3.0
1.0
26.3
0.0
10.0
0.0
0.0
19.1
0.0
0.0
21.4
1.0
14.4
0.0
1.3
0.0
0.0
0.0
0.0
0.0
1.0
7.2
0.0
0.0
1.0
0.0
0.0
0.0
0.0
0.0
0.0
1.4
0.0
0.0
9.3
2.4
0.0
4.0
12.3
0.0
13.0
1.1
1.2
1.1
144.0
0.0
3.0
5.0
1.0
0.0
14.1
8.0
18.2
22.0
0.0
3.3
6.1
0.0
0.0
0.0
0.0
0.0
0.0
11.3
51.3
5.0
22.1
26.0
7.2
16.4
1.4
13.1
1.1
0.0
1.0
45.0
19.2
23.4
3.7
0.0
48.4
0.0
7.0
0.0
0.0
0.0
6.0
1.0
0.0
0.0
0.0
0.0
0.0
0.0
0.0
9.3
0.0
0.0
13.0
45.0
0.0
26.1
0.0
4.0
0.0
0.0
17.0
0.0
9.1
13.0
8.1
19.0
0.0
0.0
0.0
0.0
0.0
46.1
0.0
0.0
0.0
0.0
0.0
0.0
0.0
0.0
0.0
0.0
0.0
0.0
0.0
0.0
0.0
1.0
0.0
0.0
0.0
0.0
0.0
0.0
0.0
0.0
0.0
48.0
2.4
0.0
0.0
0.0
0.0
1.4
13.1
0.0
0.0
0.0
0.0
0.0
0.0
0.0
0.0
0.0
0.0
0.0
0.0
0.0
0.0
0.0
0.0
0.0
0.0
0.0
0.0
0.0
0.0
3.4
1.0
0.0
0.0
0.0
14.3
0.0
0.0
0.0
0.0
0.0
0.0
0.0
0.0
0.0
0.0
0.0
0.0
0.0
0.0
0.0
0.0
0.0
0.0
0.0
0.0
0.0
0.0
0.0
0.0
0.0
0.0
0.0
0.0
0.0
0.0
0.0
0.0
0.0
0.0
0.0
0.0
0.0
0.0
0.0
0.0
0.0
0.0
0.0
0.0
0.0
0.0
0.0
0.0
0.0
0.0
0.0
0.0
0.0
0.0
0.0
0.0
0.0
0.0
0.0
0.0
0.0
0.0
0.0
0.0
0.0
0.0
0.0
0.0
0.0
0.0
0.0
0.0
0.0
0.0
0.0
0.0
0.0
0.0
0.0
0.0
0.0
0.0
0.0
0.0
0.0
0.0
0.0
0.0
0.0
0.0
0.0
0.0
0.0
0.0
0.0
0.0
0.0
0.0
0.0
0.0
0.0
0.0
0.0
0.0
0.0
0.0
0.0
0.0
0.0
0.0
0.0
0.0
0.0
0.0
0.0
0.0
0.0
3.2
0.0
0.0
11.1
0.0
0.0
0.0
0.0
0.0
0.0
0.0
21.0
0.0
0.0
16.3
1.0
0.0
12.1
35.2
0.0
0.0
7.4
0.0
0.0
0.0
0.0
0.0
0.0
0.0
0.0
58.1
0.0
3.2
30.6
17.2
4.1
9.0
0.0
0.0
0.0
0.0
9.4
27.3
6.0
23.4
0.0
17.0
62.2
0.0
0.0
23.2
13.2
10.2
15.2
1.0
1.0
0.0
0.0
0.0
2.4
4.0
28.3
12.3
0.0
1.2
13.4
49.3
1.0
1.4
1.0
0.0
13.1
0.0
0.0
3.4
0.0
27.3
27.0
6.0
18.0
3.0
2.3
0.0
10.1
1.1
0.0
26.4
0.0
23.2
0.0
7.0
5.1
5.0
0.0
3.0
2.4
0.0
19.0
0.0
0.0
0.0
0.0
0.0
0.0
0.0
6.4
17.0
0.0
0.0
0.0
0.0
29.4
0.0
0.0
0.0
0.0
0.0
0.0
0.0
0.0
3.0
3.4
0.0
0.0
10.4
10.2
0.0
0.0
0.0
0.0
0.0
0.0
10.1
0.0
0.0
5.0
7.0
0.0
0.0
0.0
0.0
0.0
0.6
11.3
16.1
0.0
15.3
0.0
0.0
1.1
0.0
10.0
5.3
42.1
9.0
7.2
16.0
9.4
0.0
0.0
14.3
0.0
0.0
0.0
15.2
41.0
12.4
4.4
0.0
7.2
9.2
0.0
0.0
0.0
0.0
0.0
33.3
0.0
0.0
0.0
0.0
0.0
0.0
0.0
0.0
0.0
0.0
0.0
0.0
0.0
0.0
0.0
8.4
0.0
0.0
0.0
0.0
0.0
0.0
9.4
24.3
0.0
0.0
36.2
0.0
0.0
0.0
0.0
0.0
0.0
0.0
0.0
0.0
0.0
0.0
0.0
0.0
0.0
0.0
1.0
0.0
10.0
0.0
7.4
0.0
0.0
0.0
0.0
0.0
0.0
0.0
0.0
0.0
0.0
0.0
0.0
0.0
0.0
0.0
0.0
0.0
0.0
0.0
0.0
0.0
0.0
0.0
0.0
0.0
0.0
0.0
0.0
0.0
0.0
0.0
0.0
0.0
0.0
0.0
0.0
0.0
0.0
0.0
0.0
0.0
0.0
0.0
0.0
0.0
0.0
0.0
0.0
0.0
0.0
0.0
0.0
0.0
0.0
0.0
0.0
0.0
0.0
0.0
0.0
0.0
0.0
0.0
0.0
0.0
0.0
0.0
0.0
0.0
0.0
0.0
0.0
0.0
0.0
0.0
0.0
0.0
0.0
0.0
0.0
0.0
0.0
0.0
0.0
0.0
0.0
0.0
0.0
0.0
0.0
0.0
0.0
0.0
0.0
0.0
0.0
0.0
0.0
0.0
0.0
0.0
0.0
0.0
0.0
0.0
0.0
0.0
0.0
0.0
0.0
0.0
0.0
0.0
0.0
0.0
0.0
0.0
0.0
0.0
0.0
0.0
0.0
2.3
5.2
0.0
0.0
0.0
0.0
8.4
36.1
0.0
0.0
5.0
0.0
0.0
4.0
22.4
0.0
0.0
0.0
0.0
0.0
0.0
0.0
0.0
0.0
60.2
0.0
0.0
0.0
0.0
11.0
0.0
0.0
0.0
0.0
0.0
0.0
0.0
0.0
0.0
0.0
5.4
16.2
1.0
0.0
0.0
0.0
1.0
22.2
37.1
11.3
0.0
0.0
0.0
0.0
0.0
0.0
10.2
10.2
36.4
0.0
26.0
2.2
8.1
0.0
0.0
22.4
0.0
0.0
9.2
0.0
2.4
2.3
22.4
0.0
23.3
50.0
9.2
3.0
31.2
9.4
0.0
0.0
0.0
0.0
8.2
15.3
12.2
16.5
10.2
2.3
1.0
0.0
0.0
5.3
0.0
0.0
0.0
0.0
28.5
6.0
0.0
0.0
0.0
0.0
0.0
48.0
49.0
2.2
5.0
4.0
0.0
14.0
0.0
14.4
10.4
29.3
5.2
2.2
14.0
1.0
5.0
0.0
1.3
0.0
0.0
0.0
0.0
0.0
0.0
0.0
8.2
69.2
4.3
7.1
12.0
4.2
100.0
1.1
1.2
1.3
0.0
15.4
0.0
18.2
0.0
15.4
4.4
11.4
3.4
0.0
30.2
1.0
0.0
13.3
0.0
0.0
10.4
31.0
0.0
0.0
0.0
26.3
4.3
0.0
0.0
1.0
0.0
0.0
0.0
0.0
5.4
11.3
3.4
1.1
42.3
0.0
20.1
0.0
0.0
0.0
0.0
8.4
35.2
9.1
0.0
2.2
4.0
0.0
7.1
0.0
0.0
0.0
10.4
0.0
0.0
3.4
3.3
9.0
0.0
0.0
0.0
36.3
0.0
0.0
0.0
0.0
0.0
0.0
0.0
0.0
0.0
0.0
0.0
0.0
0.0
36.1
4.2
10.4
10.3
0.0
0.0
33.3
0.0
0.0
34.4
0.0
0.0
0.0
0.0
0.0
0.0
0.0
0.0
0.0
0.0
0.0
0.0
0.0
0.0
0.0
0.0
0.0
0.0
0.0
0.0
0.0
0.0
0.0
0.0
0.0
0.0
0.0
0.0
0.0
0.0
0.0
0.0
0.0
0.0
0.0
0.0
0.0
0.0
0.0
0.0
0.0
0.0
0.0
0.0
0.0
0.0
0.0
0.0
0.0
0.0
0.0
0.0
0.0
0.0
0.0
0.0
0.0
0.0
0.0
0.0
0.0
0.0
0.0
0.0
0.0
0.0
0.0
0.0
0.0
0.0
0.0
0.0
0.0
0.0
0.0
0.0
0.0
0.0
0.0
0.0
0.0
0.0
0.0
0.0
0.0
0.0
0.0
0.0
0.0
0.0
0.0
0.0
0.0
0.0
0.0
0.0
0.0
0.0
0.0
0.0
0.0
0.0
0.0
0.0
0.0
0.0
0.0
0.0
0.0
0.0
0.0
0.0
0.0
0.0
0.0
0.0
0.0
0.0
0.0
0.0
0.0
0.0
0.0
0.0
0.0
0.0
0.0
0.0
0.0
42.4
7.3
0.0
7.4
1.0
2.3
0.0
0.0
0.0
43.0
0.0
16.3
58.0
11.4
0.0
0.0
13.1
0.0
0.0
0.0
0.0
0.0
0.0
0.0
0.0
0.0
0.0
0.0
0.0
7.2
0.0
0.0
0.0
0.0
0.0
0.0
0.0
0.0
0.0
20.4
0.0
0.0
0.0
0.0
0.0
0.0
0.0
0.0
0.0
0.0
0.0
0.0
0.0
1.2
0.0
0.0
0.0
0.0
0.0
0.0
4.2
16.4
48.0
13.0
4.0
0.0
0.0
18.3
24.1
11.2
3.3
3.0
0.0
0.0
0.0
0.0
8.2
3.0
0.0
55.3
55.4
5.4
0.0
12.4
0.0
22.2
0.0
0.0
0.0
0.0
13.4
12.0
1.0
0.0
8.0
0.0
34.0
0.0
3.1
0.0
0.0
0.0
21.4
19.0
21.0
0.0
0.0
18.2
14.4
0.0
45.0
9.0
0.0
1.0
0.0
0.0
0.0
7.4
41.4
0.0
0.0
0.0
0.0
13.1
88.1
31.0
15.0
1.0
0.0
9.2
0.0
0.0
7.0
0.0
0.0
0.0
0.0
0.0
0.0
0.0
3.0
0.0
0.0
0.0
0.0
15.0
21.3
2.3
0.0
11.1
11.3
0.0
0.0
0.0
0.0
12.3
11.0
46.4
11.1
0.0
0.0
0.0
0.0
28.0
0.0
0.0
0.0
0.0
0.0
42.3
25.4
0.0
0.0
21.3
0.0
0.0
0.0
0.0
30.0
29.0
0.0
0.0
24.2
12.0
0.0
0.0
11.4
0.0
4.2
51.3
10.0
0.0
0.0
6.0
41.3
40.3
56.2
0.0
0.0
11.0
0.0
0.0
0.0
19.4
11.1
0.0
0.0
0.0
0.0
0.0
0.0
0.0
11.2
70.0
14.0
0.0
0.0
0.0
0.0
0.0
0.0
0.0
0.0
0.0
0.0
0.0
0.0
63.0
0.0
0.0
0.0
0.0
0.0
0.0
0.0
34.0
0.0
0.0
0.0
0.0
0.0
0.0
0.0
0.0
0.0
0.0
0.0
0.0
0.0
0.0
0.0
0.0
0.0
0.0
0.0
0.0
0.0
0.0
1.0
0.0
0.0
19.4
0.0
0.0
0.0
0.0
0.0
0.0
1.3
0.0
0.0
0.0
2.2
4.1
0.0
0.0
0.0
0.0
0.0
0.0
0.0
0.0
0.0
0.0
0.0
0.0
0.0
0.0
0.0
0.0
0.0
0.0
0.0
0.0
0.0
0.0
0.0
0.0
0.0
0.0
0.0
0.0
0.0
0.0
0.0
0.0
0.0
0.0
0.0
0.0
0.0
0.0
0.0
0.0
0.0
0.0
0.0
0.0
0.0
0.0
0.0
0.0
0.0
0.0
0.0
0.0
0.0
0.0
0.0
0.0
0.0
0.0
0.0
0.0
0.0
0.0
0.0
0.0
0.0
0.0
0.0
0.0
0.0
0.0
0.0
0.0
0.0
0.0
0.0
0.0
0.0
0.0
0.0
0.0
0.0
0.0
0.0
0.0
0.0
0.0
0.0
0.0
0.0
2.1
0.0
0.0
28.3
15.4
0.0
0.0
0.0
0.0
0.0
0.0
0.0
0.0
0.0
0.0
0.0
0.0
0.0
0.0
3.1
0.0
0.0
0.0
0.0
0.0
0.0
0.0
0.0
0.0
5.2
9.0
18.4
0.0
7.1
0.0
0.0
3.0
16.3
0.0
10.1
0.0
0.0
0.0
21.2
0.0
1.3
0.0
0.0
1.0
0.0
3.2
2.3
7.1
78.1
19.3
4.2
7.4
0.0
0.0
0.0
0.0
0.0
0.0
0.0
0.0
0.0
0.0
8.3
3.0
10.0
2.4
0.0
6.1
7.0
3.2
14.4
0.0
0.0
17.4
6.1
0.0
1.1
0.0
0.0
61.1
4.3
9.1
2.1
16.4
0.0
14.4
0.0
0.0
0.0
3.3
25.2
7.3
1.4
0.0
0.0
0.0
0.0
0.0
10.3
0.0
0.0
0.0
0.0
0.0
0.0
18.3
28.3
16.1
0.0
0.0
0.0
31.2
0.0
3.3
0.0
0.0
5.3
0.0
8.4
0.0
16.4
1.1
0.0
16.0
6.3
0.0
0.0
37.0
0.0
1.4
58.3
0.0
0.0
6.2
0.0
20.4
0.0
5.3
40.3
10.2
0.0
35.2
0.0
0.0
0.0
0.0
0.0
0.0
0.0
0.0
0.0
0.0
0.0
13.1
0.0
0.0
38.1
0.0
0.0
0.0
24.0
11.1
26.1
19.3
24.2
0.0
0.0
4.1
3.1
8.1
30.2
9.4
3.1
2.3
0.0
0.0
0.0
0.0
9.3
7.0
0.0
0.0
0.0
0.0
0.0
0.0
0.0
0.0
0.0
0.0
0.0
0.0
0.0
0.0
0.0
0.0
33.2
26.3
5.0
25.0
4.1
21.4
0.0
38.1
0.0
32.3
0.0
85.1
0.0
0.0
0.0
0.0
0.0
0.0
0.0
0.0
0.0
0.0
0.0
0.0
1.0
0.0
14.0
24.2
0.0
0.0
0.0
0.0
0.0
0.0
0.0
0.0
0.0
0.0
0.0
0.0
0.0
0.0
0.0
0.0
0.0
0.0
0.0
0.0
0.0
0.0
0.0
0.0
0.0
0.0
0.0
1.0
0.0
0.0
0.0
0.0
0.0
0.0
0.0
0.0
0.0
0.0
0.0
0.0
0.0
0.0
0.0
0.0
0.0
0.0
0.0
0.0
0.0
0.0
0.0
0.0
0.0
0.0
0.0
0.0
0.0
0.0
0.0
0.0
0.0
0.0
0.0
0.0
0.0
0.0
0.0
0.0
0.0
0.0
0.0
0.0
0.0
0.0
0.0
0.0
0.0
0.0
0.0
0.0
0.0
0.0
0.0
0.0
0.0
0.0
0.0
0.0
0.0
0.0
0.0
0.0
0.0
0.0
0.0
0.0
0.0
0.0
0.0
0.0
0.0
0.0
0.0
0.0
0.0
0.0
0.0
0.0
0.0
0.0
0.0
0.0
0.0
0.0
0.0
0.0
0.0
0.0
0.0
0.0
0.0
0.0
0.0
0.0
0.0
0.0
0.0
0.0
0.0
0.0
0.0
0.0
0.0
0.0
0.0
0.0
0.0
0.0
0.0
0.0
0.0
0.0
0.0
0.0
0.0
0.0
37.0
0.0
27.2
0.0
0.0
0.0
0.0
0.0
0.0
0.0
0.0
0.0
0.0
0.0
0.0
0.0
10.3
0.0
29.1
1.0
0.0
0.0
0.0
0.0
0.0
0.0
0.0
0.0
0.0
9.1
3.0
6.4
0.0
0.0
0.0
0.0
0.0
0.0
0.0
0.0
0.0
0.0
0.0
0.0
0.0
0.0
0.0
0.0
0.0
0.0
0.0
0.0
20.1
46.0
1.0
27.4
12.0
0.0
20.0
4.0
46.4
15.3
26.3
0.0
0.0
4.1
1.0
0.0
16.3
0.0
0.0
0.0
0.0
0.0
20.2
6.3
0.0
23.0
6.0
44.3
36.3
0.0
0.0
0.0
0.0
0.0
0.0
0.0
0.0
0.0
0.0
0.0
0.0
0.0
37.2
0.0
0.0
4.3
8.0
17.0
1.0
17.0
0.0
17.2
0.0
0.0
8.3
5.4
0.0
0.0
0.0
21.2
13.0
1.2
0.0
10.0
0.0
0.0
0.0
2.2
11.3
0.0
1.0
0.0
1.0
16.1
0.0
0.0
0.0
0.0
3.0
5.3
32.0
1.0
46.0
0.0
0.0
4.0
3.0
9.3
1.0
0.0
0.0
0.0
0.0
0.0
0.0
28.0
0.0
0.0
0.0
0.0
0.0
0.0
0.0
0.0
0.0
0.0
0.0
0.0
0.0
0.0
26.0
46.2
20.3
0.0
1.0
0.0
21.0
9.0
0.0
0.0
0.0
0.0
0.0
0.0
0.0
32.0
0.0
0.0
5.2
0.0
0.0
0.0
3.0
0.0
9.0
0.0
0.0
5.0
0.0
9.0
0.0
23.0
0.0
15.0
10.0
44.0
0.0
0.0
0.0
0.0
1.0
6.0
0.0
0.0
0.0
0.0
22.0
0.0
1.0
0.0
10.0
7.0
0.0
0.0
0.0
0.0
0.0
0.0
0.0
0.0
0.0
0.0
0.0
0.0
0.0
0.0
0.0
0.0
0.0
0.0
0.0
0.0
0.0
0.0
0.0
0.0
0.0
0.0
0.0
0.0
0.0
0.0
0.0
0.0
0.0
0.0
0.0
0.0
0.0
0.0
0.0
0.0
0.0
0.0
0.0
0.0
0.0
0.0
0.0
0.0
2.3
14.0
0.0
9.0
0.0
0.0
0.0
0.0
0.0
1.0
0.0
0.0
0.0
0.0
0.0
0.0
0.0
0.0
0.0
0.0
0.0
0.0
0.0
0.0
0.0
0.0
0.0
0.0
0.0
0.0
0.0
0.0
0.0
0.0
0.0
0.0
0.0
0.0
0.0
0.0
0.0
0.0
0.0
0.0
0.0
0.0
0.0
0.0
0.0
0.0
0.0
0.0
0.0
0.0
0.0
0.0
0.0
0.0
0.0
0.0
0.0
0.0
0.0
0.0
0.0
0.0
0.0
0.0
0.0
0.0
0.0
0.0
0.0
0.0
0.0
0.0
0.0
0.0
0.0
0.0
0.0
4.2
1.0
0.0
0.0
0.0
0.0
0.0
0.0
0.0
0.0
0.0
3.0
7.0
1.0
1.0
0.0
1.0
0.0
0.0
0.0
0.0
0.0
0.0
0.0
0.0
0.0
0.0
0.0
0.0
1.3
0.0
1.0
0.0
0.0
0.0
0.0
0.0
0.0
0.0
0.0
0.0
0.0
0.0
0.0
0.0
0.0
1.0
0.0
0.0
0.0
0.0
0.0
0.0
0.0
0.0
12.1
0.0
0.0
8.2
0.0
0.0
0.0
0.0
0.0
0.0
0.0
0.0
0.0
0.0
21.3
6.3
5.0
0.0
0.0
3.0
0.0
1.0
0.0
0.0
1.3
14.1
0.0
0.0
5.0
17.0
2.3
20.0
0.0
0.0
0.0
0.0
97.2
0.0
0.0
0.0
0.0
0.0
0.0
9.0
20.0
0.0
0.0
0.0
0.0
0.0
0.0
0.0
27.0
0.0
0.0
16.0
14.0
0.0
3.3
0.0
6.0
0.0
11.0
3.0
0.0
0.0
0.0
0.0
0.0
0.0
0.0
0.0
0.0
0.0
0.0
16.3
0.0
0.0
8.0
0.0
50.0
10.1
2.2
0.0
0.0
24.1
63.0
26.0
0.0
4.0
0.0
8.3
17.0
7.0
0.0
4.0
9.0
0.0
0.0
10.0
5.0
35.3
12.3
41.3
54.3
0.0
0.0
0.0
43.0
50.0
37.0
13.0
0.0
0.0
0.0
0.0
12.0
10.0
9.2
0.0
0.0
71.3
31.0
0.0
5.0
38.0
8.0
0.0
0.0
0.0
5.0
25.0
16.0
10.0
5.0
30.0
15.0
71.0
3.0
26.0
0.0
56.0
3.0
0.0
0.0
0.0
13.0
3.0
67.0
77.0
0.0
0.0
0.0
0.0
0.0
0.0
84.0
0.0
10.0
0.0
90.0
0.0
0.0
16.2
8.0
4.0
0.0
0.0
0.0
4.0
6.0
7.0
1.0
17.2
0.0
4.0
0.0
11.0
1.0
0.0
0.0
0.0
0.0
0.0
0.0
32.0
30.0
72.0
1.0
5.0
0.0
3.0
0.0
0.0
0.0
0.0
0.0
0.0
0.0
0.0
0.0
0.0
0.0
0.0
0.0
0.0
0.0
0.0
0.0
0.0
0.0
0.0
0.0
0.0
0.0
0.0
0.0
0.0
0.0
0.0
0.0
0.0
0.0
0.0
0.0
0.0
0.0
0.0
0.0
0.0
0.0
0.0
0.0
0.0
0.0
0.0
0.0
0.0
0.0
0.0
0.0
0.0
0.0
0.0
0.0
0.0
0.0
0.0
0.0
0.0
0.0
0.0
0.0
0.0
0.0
0.0
0.0
0.0
0.0
0.0
0.0
0.0
0.0
0.0
0.0
0.0
0.0
0.0
0.0
0.0
0.0
0.0
0.0
0.0
0.0
0.0
0.0
0.0
0.0
0.0
0.0
0.0
0.0
0.0
0.0
0.0
0.0
0.0
0.0
0.0
0.0
0.0
0.0
0.0
0.0
0.0
0.0
0.0
0.0
0.0
0.0
0.0
0.0
0.0
0.0
0.0
0.0
0.0
0.0
0.0
0.0
0.0
0.0
0.0
0.0
0.0
0.0
0.0
0.0
0.0
0.0
0.0
0.0
0.0
0.0
0.0
0.0
0.0
0.0
0.0
0.0
0.0
0.0
0.0
0.0
0.0
0.0
0.0
0.0
0.0
0.0
0.0
0.0
0.0
0.0
0.0
0.0
0.0
0.0
0.0
0.0
0.0
0.0
0.0
0.0
0.0
0.0
0.0
0.0
0.0
0.0
0.0
0.0
0.0
0.0
0.0
0.0
0.0
0.0
4.0
6.0
0.0
0.0
0.0
0.0
0.0
1.2
0.0
0.0
1.0
0.0
21.3
0.0
20.2
18.2
11.3
25.3
0.0
0.0
0.0
0.0
1.0
0.0
4.1
2.3
0.0
0.0
6.3
0.0
0.0
0.0
0.0
1.3
1.1
34.4
0.0
10.0
0.0
1.0
6.3
0.0
0.0
0.0
0.0
0.0
0.0
12.0
4.2
0.0
0.0
0.0
28.0
0.0
0.0
0.0
0.0
9.2
0.0
0.0
0.0
12.0
0.0
1.0
4.0
30.0
0.0
46.0
0.0
1.0
22.2
0.0
6.2
1.0
14.0
0.0
13.3
15.2
1.0
0.4
5.0
27.0
34.0
6.0
1.0
22.3
22.4
1.0
36.1
1.0
17.0
0.0
5.0
1.0
9.0
3.0
14.2
0.0
0.0
0.0
6.2
0.0
0.0
0.0
0.0
0.0
0.0
0.0
18.0
23.0
17.0
10.0
9.0
100.0
27.0
1.0
0.0
0.0
0.0
0.0
0.0
0.0
6.0
0.0
3.0
0.0
0.0
9.0
0.0
12.2
0.0
7.0
0.0
0.0
0.0
0.0
8.0
40.0
0.0
40.0
15.0
3.4
13.0
7.2
7.3
1.3
25.0
18.0
5.0
0.0
0.0
6.0
0.0
0.0
0.0
0.0
29.0
6.2
11.0
4.0
16.1
27.2
16.0
0.0
0.0
22.1
31.0
0.0
0.0
0.0
13.0
0.0
1.2
0.0
0.0
0.0
0.0
0.0
0.0
0.0
0.0
0.0
0.0
0.0
0.0
0.0
0.0
0.0
0.0
0.0
0.0
0.0
0.0
0.0
23.0
0.0
27.0
1.0
8.3
13.2
0.0
0.0
0.0
0.0
0.0
0.0
0.0
0.0
0.0
0.0
0.0
0.0
0.0
0.0
0.0
0.0
0.0
0.0
0.0
0.0
0.0
0.0
0.0
0.0
0.0
0.0
12.4
0.0
0.0
0.0
0.0
0.0
0.0
0.0
0.0
0.0
0.0
0.0
0.0
0.0
0.0
0.0
0.0
0.0
0.0
0.0
0.0
0.0
0.0
0.0
1.0
0.0
0.0
0.0
0.0
0.0
0.0
0.0
0.0
0.0
0.0
0.0
0.0
0.0
0.0
0.0
0.0
0.0
0.0
0.0
0.0
0.0
0.0
0.0
0.0
0.0
0.0
0.0
0.0
0.0
0.0
0.0
0.0
0.0
0.0
0.0
0.0
0.0
0.0
0.0
0.0
0.0
0.0
0.0
0.0
0.0
0.0
0.0
0.0
0.0
0.0
0.0
0.0
0.0
0.0
0.0
0.0
9.2
0.0
0.0
1.0
0.0
31.0
0.0
0.0
0.0
0.0
0.0
0.0
0.0
0.0
0.0
0.0
0.0
0.0
0.0
0.0
0.0
0.0
0.0
0.0
0.0
0.0
0.0
0.0
0.0
0.0
0.0
0.0
0.0
0.0
0.0
0.0
0.0
0.0
0.0
12.3
8.0
0.0
12.1
12.2
0.0
0.0
0.0
9.0
0.0
0.0
0.0
0.0
0.0
0.0
0.0
0.0
0.0
0.0
0.0
0.0
1.0
0.0
0.0
0.0
0.0
0.0
0.0
0.0
0.0
0.0
0.0
0.0
0.0
0.0
27.0
79.0
0.0
1.0
0.0
1.0
15.2
2.3
0.0
0.0
0.0
0.0
15.0
7.0
0.0
22.0
0.0
4.0
0.0
0.0
0.0
0.0
28.2
6.3
0.0
1.3
22.4
27.2
2.2
18.0
13.3
0.0
52.0
12.0
27.0
0.0
0.0
10.0
9.0
38.0
6.0
4.0
38.0
1.0
21.0
29.0
27.2
0.0
7.0
27.0
6.2
2.2
14.0
0.0
0.0
0.0
0.0
0.0
0.0
9.0
26.0
20.0
0.0
2.1
0.0
11.3
0.0
10.0
15.0
20.0
29.0
10.0
0.0
11.2
6.2
1.0
0.0
0.0
0.0
0.0
0.0
0.0
0.0
0.0
0.0
0.0
0.0
0.0
0.0
0.0
0.0
0.0
12.0
8.3
10.0
0.0
0.0
29.0
0.0
1.0
0.0
8.0
13.0
0.0
63.0
40.0
18.0
0.0
0.0
1.0
0.0
0.0
0.0
0.0
0.0
0.0
3.0
1.0
0.0
1.0
1.0
0.0
0.0
19.2
6.2
5.4
4.0
0.0
5.2
0.0
0.0
0.0
0.0
10.0
0.0
5.4
4.0
11.2
1.0
50.0
6.0
11.0
20.0
21.0
22.2
0.0
0.0
0.0
9.0
16.0
102.0
0.0
46.3
0.0
4.0
0.0
7.0
1.0
0.0
0.0
8.0
0.0
54.0
23.0
1.0
0.0
0.0
22.0
7.2
0.0
0.0
0.0
33.0
5.0
0.0
0.0
0.0
0.0
0.0
0.0
0.0
0.0
0.0
0.0
0.0
0.0
0.0
0.0
0.0
0.0
0.0
0.0
0.0
9.2
15.4
0.0
0.0
0.0
0.0
10.0
0.0
0.0
0.0
0.0
0.0
0.0
0.0
0.0
0.0
0.0
0.0
0.0
0.0
0.0
0.0
0.0
0.0
0.0
0.0
0.0
0.0
0.0
0.0
0.0
0.0
0.0
0.0
0.0
0.0
0.0
0.0
0.0
0.0
0.0
0.0
0.0
0.0
0.0
0.0
0.0
0.0
0.0
0.0
0.0
0.0
22.2
0.0
0.0
0.0
0.0
0.0
0.0
0.0
0.0
0.0
0.0
0.0
0.0
0.0
0.0
0.0
0.0
0.0
0.0
0.0
0.0
0.0
0.0
0.0
0.0
0.0
0.0
0.0
0.0
0.0
0.0
1.0
35.0
0.0
0.0
0.0
0.0
0.0
0.0
0.0
0.0
0.0
0.0
0.0
0.0
0.0
0.0
0.0
0.0
0.0
0.0
0.0
0.0
0.0
0.0
7.0
0.0
0.0
0.0
0.0
0.0
0.0
0.0
0.0
6.0
14.0
0.0
0.0
0.0
20.0
0.0
0.0
0.0
0.0
0.0
0.0
0.0
0.0
0.0
0.0
0.0
0.0
0.0
0.0
4.0
0.0
14.0
0.0
1.0
0.0
0.0
0.0
0.0
1.0
18.0
0.0
6.0
6.0
3.0
5.0
26.0
0.0
31.0
1.0
37.2
0.0
21.0
0.0
4.0
9.0
42.0
24.2
2.0
4.0
1.0
9.2
1.0
2.0
15.0
0.0
31.0
8.0
0.0
0.0
9.2
4.2
55.0
11.0
0.0
2.0
2.3
44.0
8.0
0.0
0.0
0.0
0.0
0.0
0.0
0.0
0.0
0.0
0.0
0.0
19.0
0.0
0.0
0.0
0.0
8.0
17.0
14.0
2.0
4.0
0.0
2.0
11.0
0.0
0.0
3.0
2.0
16.0
7.0
11.0
13.0
58.0
4.0
0.0
26.0
0.0
0.0
24.0
4.0
0.0
1.3
9.0
0.0
0.0
0.0
0.0
0.0
0.0
0.0
0.0
46.1
27.0
19.0
0.0
17.0
0.0
8.2
67.0
1.1
8.3
3.0
2.3
8.1
0.0
2.1
1.0
1.1
6.3
0.0
16.2
6.3
0.0
0.0
8.3
25.3
1.2
21.1
1.1
21.3
7.2
1.2
9.1
2.1
59.4
0.0
14.0
23.8
0.0
3.4
5.0
9.4
0.0
0.0
0.0
24.8
20.2
1.8
0.0
10.0
2.6
0.0
10.6
10.2
0.0
0.0
0.0
0.0
0.0
20.8
27.4
0.0
0.0
0.0
0.0
0.0
0.0
0.0
0.0
0.0
0.0
0.0
0.0
0.0
2.8
0.0
0.0
2.2
0.0
3.4
0.0
0.0
0.0
0.0
0.0
0.0
0.0
0.0
0.0
0.0
0.0
0.0
0.0
0.0
0.0
0.0
0.0
0.0
0.0
0.0
26.2
0.0
0.0
0.0
0.0
0.0
0.0
0.0
0.0
12.8
0.0
28.2
1.8
0.0
2.6
0.0
0.0
0.0
0.0
0.0
0.0
0.0
0.0
0.0
0.0
0.0
0.0
0.0
0.0
0.0
0.0
0.0
0.0
0.0
0.0
0.0
0.0
0.0
0.0
0.0
0.0
0.0
0.0
2.2
0.0
0.0
0.0
0.0
0.0
0.0
0.0
0.0
0.0
0.0
0.0
0.0
0.0
0.0
0.0
0.0
0.0
0.0
0.0
0.0
0.0
0.0
0.0
0.0
0.0
0.0
0.0
0.0
0.0
0.0
0.0
0.0
0.0
0.0
0.0
0.0
0.0
0.0
0.0
0.0
0.0
0.0
0.0
0.0
0.0
0.0
0.0
0.0
0.0
0.0
0.0
0.0
0.0
0.0
0.0
0.0
0.0
0.0
0.0
0.0
0.0
0.0
0.0
0.0
0.0
0.0
0.0
0.0
0.0
0.0
0.0
0.0
0.0
0.0
0.0
0.0
0.0
0.0
0.0
0.0
0.0
0.0
0.0
0.0
0.0
0.0
0.0
0.0
0.0
0.0
0.0
0.0
0.0
0.0
0.0
0.0
0.0
0.0
0.0
0.0
0.0
0.0
0.0
0.0
0.0
0.0
0.0
0.0
0.0
0.0
0.0
0.0
0.0
0.0
0.0
0.0
0.0
0.0
0.0
0.0
0.0
0.0
0.0
0.0
0.0
0.0
0.0
0.0
0.0
0.0
0.0
0.0
10.4
0.0
0.0
0.0
0.0
0.0
0.0
0.0
0.0
0.0
0.0
4.8
6.2
0.0
0.0
0.0
0.0
0.0
0.0
3.8
0.0
3.6
0.0
2.4
2.0
0.0
0.0
0.0
0.0
2.6
0.0
2.4
5.4
0.0
52.2
8.6
8.2
0.0
0.0
13.6
24.6
13.4
24.2
20.6
26.4
7.8
0.0
0.0
0.0
0.0
0.0
0.0
9.6
0.0
0.0
0.0
0.0
0.0
0.0
2.8
8.4
7.2
0.0
0.0
0.0
0.0
4.2
0.0
0.0
9.4
15.6
0.0
0.0
0.0
9.2
10.4
52.4
18.2
10.4
7.8
0.0
0.0
0.0
0.0
0.0
0.0
0.0
0.0
0.0
0.0
0.0
0.0
0.0
0.0
0.0
0.0
0.0
10.4
22.6
28.4
38.6
44.2
52.4
0.0
40.0
58.4
62.8
72.6
77.2
68.2
30.8
48.2
42.2
36.1
32.4
29.0
38.6
40.8
46.4
50.4
18.2
14.8
0.0
0.0
16.4
28.2
30.6
24.4
0.0
0.0
0.0
0.0
0.0
0.0
0.0
0.0
28.4
0.0
0.0
24.2
20.6
16.4
0.0
0.0
0.0
0.0
0.0
48.2
38.6
52.4
56.2
42.2
40.4
38.2
44.2
36.4
52.6
50.8
56.2
58.4
60.2
64.4
62.0
68.0
64.2
72.6
66.4
0.0
0.0
0.0
0.0
0.0
0.0
0.0
0.0
0.0
0.0
0.0
0.0
0.0
0.0
0.0
0.0
0.0
0.0
0.0
0.0
18.2
0.0
0.0
28.6
0.0
0.0
13.6
0.0
0.0
0.0
30.2
0.0
0.0
0.0
0.0
0.0
0.0
0.0
0.0
0.0
0.0
0.0
0.0
0.0
0.0
0.0
0.0
0.0
0.0
0.0
0.0
0.0
0.0
0.0
0.0
0.0
0.0
0.0
0.0
0.0
0.0
0.0
0.0
0.0
0.0
0.0
0.0
0.0
0.0
0.0
0.0
0.0
0.0
0.0
0.0
0.0
0.0
0.0
0.0
0.0
0.0
0.0
0.0
0.0
0.0
0.0
0.0
0.0
0.0
0.0
0.0
0.0
0.0
0.0
0.0
0.0
0.0
0.0
0.0
0.0
0.0
0.0
0.0
0.0
0.0
0.0
0.0
0.0
0.0
0.0
0.0
0.0
0.0
0.0
0.0
0.0
0.0
0.0
0.0
0.0
0.0
0.0
0.0
0.0
0.0
0.0
0.0
0.0
0.0
0.0
0.0
0.0
0.0
0.0
0.0
0.0
0.0
0.0
0.0
0.0
0.0
0.0
0.0
0.0
0.0
0.0
0.0
0.0
0.0
0.0
0.0
0.0
0.0
0.0
0.0
0.0
0.0
0.0
0.0
0.0
0.0
0.0
0.0
0.0
0.0
0.0
0.0
0.0
0.0
0.0
0.0
0.0
0.0
0.0
0.0
0.0
0.0
0.0
0.0
0.0
0.0
0.0
0.0
0.0
0.0
6.2
0.0
2.4
9.7
0.0
0.0
0.0
0.0
8.5
17.7
0.0
0.0
0.0
31.4
0.0
0.0
0.0
0.0
0.0
0.0
0.0
0.0
0.0
0.0
0.0
0.0
0.0
0.0
0.0
0.0
0.0
0.0
0.0
0.0
0.0
0.0
0.0
0.0
0.0
0.0
0.0
0.0
11.4
4.4
0.0
0.0
0.0
0.0
0.0
0.0
0.0
0.0
0.0
2.6
23.5
26.6
0.0
0.0
0.0
0.0
5.3
10.2
2.0
0.0
52.1
22.6
2.2
0.0
0.0
0.0
8.2
0.0
14.0
0.0
0.0
0.0
6.0
0.0
0.0
15.4
0.0
0.0
0.0
0.0
9.9
0.0
12.4
23.6
0.0
3.0
25.4
41.8
28.6
3.0
0.0
6.2
29.4
0.0
0.0
3.4
6.4
0.0
35.4
3.5
0.0
0.0
29.8
0.0
0.0
9.2
0.0
5.2
17.8
16.6
0.0
0.0
0.0
0.0
0.0
0.0
8.3
4.5
0.0
7.2
7.8
19.0
1.4
3.1
17.6
11.8
14.8
17.2
10.4
39.2
0.0
54.2
4.8
1.2
10.6
2.8
0.0
18.8
0.0
0.0
65.1
0.0
14.4
6.5
0.0
2.4
34.6
7.4
0.0
0.0
0.0
0.0
0.0
0.0
0.0
6.3
0.0
9.8
2.8
0.0
0.0
0.0
0.0
0.0
0.0
0.0
6.2
0.0
66.8
0.0
6.2
17.2
4.8
43.6
4.4
1.8
0.0
0.0
0.0
0.0
0.0
17.8
14.6
2.6
11.5
0.0
23.0
2.2
0.0
0.0
3.1
0.0
2.2
1.8
25.0
8.2
14.4
2.6
13.2
18.4
0.0
7.2
0.0
39.4
0.0
0.0
11.2
0.0
0.0
0.0
0.0
0.0
0.0
0.0
0.0
0.0
4.6
10.0
0.0
0.0
0.0
36.2
10.8
0.0
0.0
0.0
0.0
0.0
0.0
2.4
5.0
0.0
0.0
0.0
0.0
0.0
0.0
0.0
0.0
0.0
0.0
0.0
0.0
0.0
0.0
0.0
0.0
0.0
0.0
0.0
0.0
0.0
10.2
5.5
0.0
0.0
0.0
0.0
0.0
0.0
0.0
0.0
0.0
0.0
0.0
0.0
0.0
0.0
0.0
0.0
0.0
0.0
0.0
0.0
0.0
0.0
0.0
0.0
0.0
0.0
0.0
0.0
0.0
0.0
0.0
0.0
0.0
0.0
0.0
0.0
0.0
0.0
0.0
0.0
0.0
0.0
0.0
0.0
0.0
0.0
0.0
0.0
0.0
0.0
0.0
0.0
0.0
0.0
0.0
0.0
0.0
0.0
0.0
0.0
0.0
0.0
0.0
0.0
0.0
0.0
0.0
0.0
0.0
0.0
0.0
0.0
0.0
0.0
0.0
0.0
0.0
0.0
0.0
0.0
38.4
28.8
51.8
0.0
0.0
0.0
0.0
0.0
0.0
0.0
0.0
0.0
0.0
0.0
5.6
0.0
2.4
0.0
9.6
0.0
0.0
0.0
0.0
0.0
0.0
0.0
0.0
0.0
0.0
0.0
4.4
0.0
2.9
2.8
0.0
0.0
0.0
0.0
0.0
0.0
0.0
0.0
0.0
0.0
11.1
6.0
6.6
0.0
43.0
16.8
0.0
0.0
0.0
44.0
0.0
85.8
0.0
9.0
9.2
15.7
25.4
0.0
0.0
0.0
53.0
18.0
0.0
6.2
17.9
18.6
0.0
0.0
0.0
0.0
13.4
5.3
9.2
2.6
0.0
0.0
0.0
51.8
34.0
2.2
0.0
0.0
0.0
0.0
0.0
6.2
24.7
0.0
0.0
1.4
0.0
0.0
0.0
0.0
0.0
0.0
19.2
1.4
21.9
10.0
16.2
0.0
14.6
21.6
1.4
0.0
12.4
0.0
0.0
0.0
0.0
16.2
0.0
0.0
0.0
24.6
0.0
0.0
16.8
36.5
6.2
0.0
41.2
10.8
3.6
1.4
0.0
0.0
10.9
47.2
0.0
0.0
0.0
0.0
21.2
8.8
0.0
0.0
0.0
0.0
26.8
23.7
6.8
0.8
10.4
0.0
0.0
0.0
12.5
0.0
6.6
6.4
0.3
1.5
6.5
44.0
2.0
6.6
0.0
0.0
0.0
0.0
0.0
0.0
0.0
17.6
8.0
0.0
3.8
0.0
1.3
0.0
0.0
0.0
0.0
0.0
0.0
17.4
0.0
0.0
0.0
0.4
0.0
16.8
5.4
0.0
0.0
0.0
1.0
0.0
9.8
72.9
0.2
3.0
6.8
0.0
2.2
0.0
0.0
23.5
5.0
0.0
0.0
0.0
0.4
3.3
15.2
27.8
0.0
38.2
16.4
11.0
7.5
0.0
0.0
0.0
0.4
5.2
1.7
0.0
41.0
24.8
15.6
1.8
2.6
0.0
0.0
0.0
0.0
0.0
0.0
0.0
0.0
0.0
0.0
0.0
0.0
0.0
0.0
0.0
0.0
0.0
0.0
0.0
0.0
0.0
0.0
0.0
0.0
0.0
0.0
0.0
0.0
0.0
0.0
0.0
0.0
0.0
4.3
0.0
0.0
0.0
0.0
0.0
0.0
0.0
0.0
0.0
0.0
0.0
0.0
0.0
0.0
0.0
0.0
0.0
0.0
0.0
0.0
0.0
0.0
8.4
0.0
0.0
0.0
0.0
0.0
0.0
0.0
0.0
0.0
0.0
0.0
0.0
0.0
0.0
0.0
0.0
0.0
0.0
0.0
0.0
0.0
0.0
0.0
0.0
0.0
0.0
0.0
0.0
0.0
0.0
0.0
0.0
0.0
0.0
0.0
0.0
0.0
0.0
0.0
0.0
0.0
0.0
0.0
0.0
0.0
0.0
0.0
0.0
0.0
0.0
0.0
0.0
0.0
0.0
0.0
0.0
0.0
0.0
0.0
0.0
0.0
0.0
0.0
0.0
0.0
0.0
0.0
0.0
0.0
0.0
0.0
0.0
0.0
0.0
0.0
0.0
0.0
0.0
0.0
0.0
0.0
0.0
0.0
0.0
0.0
0.0
0.0
0.0
0.0
0.0
0.0
0.0
0.0
0.0
0.0
0.0
0.0
0.0
0.0
0.0
0.0
0.0
0.0
0.0
0.0
0.0
0.0
0.0
0.0
0.0
0.0
0.0
0.0
0.0
0.0
0.0
0.0
0.0
0.0
0.0
0.0
32.8
0.0
0.0
0.0
9.4
0.0
0.0
0.0
0.0
0.0
0.0
0.0
3.2
0.0
5.4
0.0
31.3
1.2
0.0
0.0
0.0
14.5
24.2
9.2
51.2
0.0
0.0
0.4
1.0
10.4
17.8
20.3
0.0
16.5
37.6
6.7
4.2
0.0
0.0
2.2
32.4
0.0
30.5
4.2
1.2
0.8
0.0
0.0
0.0
0.0
55.0
17.5
0.0
0.0
0.0
8.9
0.0
12.3
0.5
5.7
3.5
0.0
0.0
18.8
12.2
5.7
1.7
0.0
2.3
0.0
0.0
18.2
0.0
7.6
41.5
0.0
0.0
26.5
0.0
2.2
0.0
0.0
0.0
15.1
13.6
4.2
52.6
22.8
16.4
1.2
10.4
14.8
8.7
18.7
4.2
2.8
9.7
0.0
0.0
3.6
0.0
1.6
7.8
0.0
1.8
12.6
0.0
0.0
0.0
17.7
1.6
0.0
3.8
0.0
0.0
0.0
0.0
0.0
0.0
0.0
0.0
0.0
0.0
0.0
0.0
0.0
0.0
4.8
18.7
0.0
3.1
18.2
9.8
0.5
0.0
1.4
0.0
1.6
11.6
0.0
0.0
0.0
1.2
0.0
0.0
50.8
29.8
2.4
0.0
0.0
1.6
2.1
7.7
16.8
0.0
0.0
10.8
1.6
5.7
4.2
0.0
3.8
20.7
12.4
2.8
0.0
68.2
2.1
3.2
3.1
4.2
0.0
0.0
2.1
4.6
0.0
0.0
0.0
0.0
0.0
0.0
0.0
0.0
0.0
0.0
12.8
0.0
0.8
0.0
2.9
17.4
0.0
0.0
0.0
0.0
0.0
0.0
0.0
0.0
0.0
0.0
0.0
0.0
0.0
0.0
0.0
0.0
5.5
0.0
0.0
0.0
0.0
0.0
0.0
0.0
0.0
0.0
0.0
0.0
0.0
0.0
0.0
0.0
0.0
0.0
0.0
0.0
0.0
5.4
2.6
3.3
0.0
0.0
0.0
0.0
0.0
0.0
0.0
0.0
0.0
0.0
0.0
0.0
0.0
0.0
0.0
0.0
0.0
0.0
0.0
0.0
3.0
0.2
0.0
0.0
0.0
0.0
0.0
0.0
0.0
0.0
0.0
0.0
0.0
0.2
0.0
0.0
0.0
0.0
0.0
0.0
0.0
0.0
0.0
0.0
0.0
0.0
0.0
0.0
0.0
0.0
0.0
0.0
0.0
0.0
0.0
0.0
0.0
0.0
0.0
0.0
0.0
0.0
0.0
0.0
0.0
0.0
0.0
0.0
0.0
0.0
0.0
0.0
0.0
0.0
0.0
0.0
0.0
0.0
0.0
0.0
0.0
0.0
0.0
0.0
0.0
0.0
0.0
0.0
0.0
0.0
0.0
0.0
0.0
0.0
0.0
0.0
0.0
0.0
0.0
0.0
0.0
0.0
0.0
0.0
0.0
0.0
0.0
0.0
0.0
0.0
0.0
0.0
0.0
0.0
0.0
0.0
0.0
0.0
0.0
0.0
0.0
0.0
0.0
0.0
0.0
0.0
0.0
2.8
1.6
0.0
0.0
0.0
0.0
0.0
3.4
4.0
6.4
17.0
1.2
0.8
18.2
34.2
0.0
15.0
4.2
10.1
30.2
8.4
16.8
49.8
30.0
4.1
0.0
6.4
0.3
0.0
0.0
40.2
3.1
0.0
0.0
36.8
1.7
0.0
0.0
0.0
0.0
0.0
0.0
0.0
28.6
7.4
0.0
0.0
0.0
0.0
0.0
17.4
3.4
0.0
0.0
0.0
0.0
22.5
88.3
0.0
3.4
11.7
0.5
76.7
10.5
6.1
0.0
18.4
0.4
74.8
38.8
3.4
4.2
0.8
-99
-99
-99
-99
-99
-99
-99
-99
-99
-99
-99
-99
-99
-99
-99
-99
-99
-99
-99
-99
-99
-99
-99
-99
-99
-99
-99
-99
-99
-99
-99
-99
-99
-99
-99
-99
-99
-99
-99
-99
-99
-99
-99
-99
-99
-99
-99
-99
-99
-99
-99
-99
-99
-99
-99
-99
-99
-99
-99
-99
-99
-99
-99
-99
-99
-99
-99
-99
-99
-99
-99
-99
-99
-99
-99
-99
-99
-99
-99
-99
-99
-99
-99
-99
-99
-99
-99
-99
-99
-99
-99
-99
-99
-99
-99
-99
-99
-99
-99
-99
-99
-99
-99
-99
-99
-99
-99
-99
-99
-99
-99
-99
-99
-99
-99
-99
-99
-99
-99
-99
-99
-99
-99
-99
-99
-99
-99
-99
-99
-99
-99
-99
-99
-99
-99
-99
-99
-99
-99
-99
-99
-99
-99
-99
-99
-99
-99
-99
-99
-99
-99
-99
-99
-99
-99
-99
-99
-99
-99
-99
-99
-99
-99
-99
-99
-99
-99
-99
-99
-99
-99
-99
-99
-99
-99
-99
-99
-99
-99
-99
-99
-99
-99
-99
-99
-99
-99
-99
-99
-99
-99
-99
-99
-99
-99
-99
-99
-99
-99
-99
-99
-99
-99
-99
-99
-99
-99
-99
-99
-99
-99
-99
-99
-99
-99
-99
-99
-99
-99
-99
-99
-99
-99
-99
-99
-99
-99
-99
-99
-99
-99
-99
-99
-99
-99
-99
-99
-99
-99
-99
-99
-99
-99
-99
-99
-99
-99
-99
-99
-99
-99
-99
-99
-99
-99
-99
-99
-99
-99
-99
-99
-99
-99
-99
-99
-99
-99
-99
0.0
0.0
0.0
0.0
0.0
0.0
0.0
0.0
0.0
0.0
0.0
0.0
0.0
0.0
0.0
0.0
0.0
0.0
0.0
0.0
0.0
15.4
0.0
0.0
0.0
5.5
0.0
0.8
0.0
0.0
0.0
0.0
0.0
0.0
0.0
0.0
0.0
0.0
0.0
1.5
0.0
0.0
0.0
3.0
0.5
14.5
41.8
0.0
1.6
0.0
0.4
0.7
1.0
8.7
0.0
5.2
0.0
0.0
0.0
0.0
0.0
34.5
2.6
29.5
0.8
0.0
81.6
0.0
3.9
25.2
21.0
0.8
88.4
0.0
4.7
0.0
0.6
0.0
23.0
0.0
10.6
9.7
0.0
7.8
0.0
0.0
0.0
14.2
1.0
3.2
0.0
0.0
8.2
0.8
0.9
0.0
6.2
0.0
0.0
0.0
2.1
6.5
4.1
0.0
3.1
7.8
14.3
13.5
16.4
0.0
0.0
0.0
0.0
0.0
1.2
0.4
2.2
0.0
0.0
29.5
2.2
8.4
0.0
0.0
0.0
0.0
0.0
0.0
3.4
0.0
0.0
73.4
0.0
16.5
3.7
4.3
55.2
48.7
19.6
0.0
0.0
5.8
0.0
1.6
10.8
44.6
6.8
5.6
27.2
2.3
0.0
24.6
2.8
4.1
10.5
5.2
0.0
0.0
0.0
0.0
0.0
0.0
0.0
0.0
0.0
0.0
0.0
0.0
0.0
0.0
1.8
0.0
0.0
0.0
5.4
0.0
0.0
69.2
11.4
2.6
0.0
0.0
0.0
0.0
0.0
0.0
0.0
3.4
0.0
0.0
73.4
0.0
16.5
3.7
4.3
55.2
48.7
19.6
0.0
0.0
5.8
0.0
1.6
10.8
44.6
6.8
5.6
27.2
2.3
0.0
24.6
2.8
0.0
0.0
12.6
3.6
37.0
1.6
8.2
0.0
0.0
2.1
36.8
0.8
1.0
0.0
0.0
0.0
0.0
0.0
0.0
0.0
0.0
0.0
0.0
0.0
0.0
0.0
0.0
0.0
0.0
0.0
0.0
0.0
0.0
0.0
0.0
0.0
0.0
0.0
0.0
0.0
0.0
0.0
0.0
0.0
0.0
0.0
0.0
0.0
0.0
0.0
0.0
0.0
0.0
0.0
0.0
0.0
0.0
3.8
0.0
28.1
2.2
0.0
0.0
0.0
0.0
0.0
0.0
0.0
0.0
0.0
0.0
0.0
0.0
0.0
0.0
0.0
0.0
0.0
0.0
0.0
0.0
0.0
0.0
0.0
0.0
0.0
0.0
0.0
0.0
0.0
0.0
0.0
0.0
0.0
0.0
0.0
0.0
0.0
0.0
0.0
0.0
0.0
0.0
0.0
0.0
0.0
0.0
0.0
0.0
0.0
0.0
0.0
0.0
0.0
0.0
0.0
0.0
0.0
0.0
0.0
0.0
0.0
0.0
0.0
0.0
0.0
0.0
0.0
0.0
0.0
0.0
0.0
0.0
0.0
0.0
0.0
0.0
0.0
0.0
0.0
0.0
0.0
0.0
0.0
0.0
0.0
0.0
0.0
0.0
0.0
0.0
0.0
0.0
0.0
0.0
0.0
0.0
0.0
0.0
0.0
0.0
0.0
0.0
0.0
0.0
0.0
0.0
0.0
0.0
0.0
5.8
0.0
0.0
0.0
0.0
0.0
0.0
4.2
0.0
0.0
0.0
20.0
13.6
-99
-99
-99
-99
-99
-99
-99
-99
-99
-99
-99
-99
-99
-99
-99
-99
-99
-99
-99
-99
-99
-99
-99
-99
-99
-99
-99
-99
-99
-99
-99
0.8
0.0
0.0
0.0
6.2
8.7
16.8
6.9
0.0
2.7
0.0
0.0
7.6
10.2
0.0
0.0
4.9
2.6
0.0
0.0
0.0
0.0
0.0
21.8
11.6
12.8
5.2
38.4
12.6
0.3
7.6
3.5
7.2
7.3
0.0
8.6
21.3
0.2
14.3
7.2
0.0
2.4
3.2
0.0
7.6
1.3
3.7
9.4
8.9
1.2
19.8
13.2
42.2
4.2
0.4
0.0
54.2
1.4
0.0
0.0
26.4
-99
-99
-99
-99
-99
-99
-99
-99
-99
-99
-99
-99
-99
-99
-99
-99
-99
-99
-99
-99
-99
-99
-99
-99
-99
-99
-99
-99
-99
-99
-99
0.0
0.0
0.0
0.0
0.0
0.0
0.0
0.0
0.0
0.0
0.0
0.0
0.0
10.4
0.0
28.6
10.0
21.3
5.8
0.0
0.0
16.0
2.1
0.0
4.8
0.0
0.0
0.0
10.2
36.4
8.6
14.8
0.0
32.9
1.4
44.5
4.1
14.6
0.0
22.8
0.0
0.0
5.4
0.0
0.0
0.0
7.8
8.2
37.6
7.7
22.1
98.8
1.4
5.3
21.5
7.6
0.0
1.1
3.2
9.6
31.8
37.4
25.8
8.4
0.0
0.0
3.1
0.0
15.2
0.0
20.0
0.0
0.0
0.0
2.2
0.0
0.0
4.9
0.0
0.0
0.0
7.6
2.0
15.6
19.7
0.0
0.0
0.0
0.0
0.0
0.0
0.0
0.0
0.0
0.0
0.0
0.0
0.0
0.0
0.0
0.0
0.0
0.0
0.0
0.0
0.0
0.0
1.8
0.0
0.0
0.0
0.0
0.0
3.0
0.0
3.2
0.0
0.0
0.0
0.0
0.0
0.0
0.0
2.2
0.0
0.0
0.0
0.0
0.0
0.0
0.0
0.0
0.0
0.0
0.0
0.0
0.0
0.0
0.0
0.0
0.0
0.0
0.0
0.0
0.0
0.0
0.0
0.0
0.0
0.0
0.0
0.0
0.0
0.0
0.0
0.0
0.0
0.0
0.0
0.0
0.0
0.0
0.0
0.0
0.0
0.0
0.0
0.0
0.0
0.0
0.0
0.0
0.0
0.0
0.0
0.0
0.0
0.0
0.0
0.0
0.0
0.0
0.0
0.0
0.0
0.0
0.0
0.0
0.0
0.0
0.0
0.0
0.0
0.0
0.0
0.0
0.0
0.0
0.0
0.0
0.0
0.0
0.0
0.0
0.0
0.0
0.0
0.0
0.0
0.0
0.0
0.0
0.0
0.0
0.0
4.6
0.0
0.0
0.0
0.0
0.0
0.0
0.0
0.0
0.0
0.0
0.0
0.0
0.0
0.0
0.0
0.0
0.0
0.0
1.6
0.0
0.0
0.0
0.0
0.0
0.0
0.0
4.3
0.0
5.4
0.0
0.0
0.0
0.0
0.0
0.0
0.0
0.0
0.0
0.0
0.0
0.0
0.0
0.0
0.0
0.0
0.0
1.5
10.2
0.0
0.0
0.0
0.0
18.2
15.2
6.5
0.0
5.7
0.0
0.0
0.0
0.0
56.6
0.0
0.0
1.6
0.0
2.6
38.9
8.6
5.8
0.6
3.1
12.7
0.0
6.3
27.3
0.0
0.0
0.0
9.6
19.8
0.0
53.6
4.8
22.1
41.2
0.0
49.6
0.0
2.6
0.0
1.0
2.3
3.4
6.5
3.4
10.0
0.0
10.2
6.4
2.8
0.0
0.0
28.0
46.3
0.0
6.5
4.6
10.4
2.8
25.6
0.0
0.0
0.0
0.0
0.0
0.0
0.0
0.0
0.0
1.8
3.6
0.0
0.0
0.0
0.0
0.0
0.0
0.0
0.0
0.0
0.0
0.0
0.0
0.0
0.0
0.0
0.0
0.0
36.2
2.2
6.4
0.5
28.2
0.0
0.0
18.4
13.2
0.0
0.0
0.0
0.0
10.0
0.0
6.6
60.2
5.6
0.8
0.0
0.0
0.0
0.0
0.0
0.0
0.0
0.0
20.0
33.2
0.0
0.0
1.4
0.0
0.0
0.0
0.0
13.2
0.0
23.6
66.4
0.0
0.0
12.6
0.0
3.2
0.0
0.0
23.0
8.9
27.6
18.2
2.0
4.1
0.0
0.0
8.2
3.2
12.4
1.0
30.2
0.5
0.0
1.6
0.0
0.0
8.2
0.0
0.0
0.0
9.4
1.3
15.4
3.5
9.8
11.6
0.0
1.6
24.5
0.0
0.0
0.0
0.4
0.0
10.0
5.8
1.6
0.0
0.0
2.6
17.6
0.0
5.6
0.0
8.2
0.0
0.0
0.0
1.2
2.8
0.0
0.0
0.0
0.0
6.4
1.8
0.0
0.0
0.0
0.0
0.0
8.2
0.0
0.0
0.0
0.0
0.0
0.0
0.0
0.0
0.0
0.0
0.0
0.0
0.0
0.0
0.0
0.0
1.4
0.0
0.0
0.0
0.0
0.0
0.0
0.0
0.0
0.0
0.0
0.0
0.0
0.0
0.0
0.0
0.0
0.0
0.0
0.0
0.0
0.0
0.0
0.0
0.0
0.0
0.0
0.0
0.0
0.0
0.0
0.0
0.0
-99
-99
-99
-99
-99
-99
-99
-99
-99
-99
-99
-99
-99
-99
-99
-99
-99
-99
-99
-99
-99
-99
-99
-99
-99
-99
-99
-99
-99
-99
-99
0.0
0.0
0.0
0.0
0.0
0.0
0.0
0.0
0.0
0.0
0.0
0.0
0.0
0.0
0.0
0.0
0.0
0.0
0.0
0.0
0.0
0.0
0.0
0.0
0.0
0.0
0.0
0.0
0.0
0.0
0.0
0.0
0.0
0.0
0.0
0.0
0.0
0.0
0.0
0.0
0.0
0.0
0.0
8.0
0.0
0.0
0.0
0.0
0.0
0.0
0.0
0.0
0.0
0.0
0.0
0.0
0.0
0.0
0.0
16.0
0.0
0.0
0.0
0.0
0.0
0.0
0.0
0.0
0.0
0.0
0.0
0.0
0.0
0.0
0.0
0.0
0.0
0.0
0.0
0.0
0.0
0.0
0.0
3.4
0.0
0.0
8.6
0.0
0.0
23.6
22.4
26.4
8.6
12.0
0.0
0.0
0.0
2.0
0.0
0.0
0.0
0.0
0.0
0.0
0.0
0.0
0.0
24.2
11.6
0.0
4.2
0.0
14.3
6.2
3.2
18.9
0.0
0.0
0.0
16.2
24.9
0.0
9.2
0.0
0.0
0.0
15.4
0.0
7.8
4.2
28.6
0.0
2.6
0.0
2.8
1.0
0.0
0.0
0.0
0.0
1.2
8.9
52.4
0.3
2.4
0.0
0.0
0.0
23.8
0.0
8.5
8.9
0.0
0.0
0.0
4.0
0.0
0.0
7.6
0.0
11.8
2.6
0.8
0.6
0.0
20.8
0.0
5.8
9.4
0.0
11.6
1.8
130.2
4.6
12.4
13.8
4.3
4.5
8.9
4.2
0.0
10.0
0.0
0.0
0.0
0.0
0.0
0.0
0.0
6.4
0.0
0.0
6.2
0.0
0.0
0.0
0.0
4.5
38.6
0.0
0.0
0.0
0.0
0.0
30.6
14.2
10.0
0.0
0.0
0.0
0.0
0.0
1.6
13.4
1.8
13.2
1.0
1.0
16.8
27.2
7.3
36.4
15.6
3.0
4.2
21.3
0.0
0.0
0.0
0.0
0.0
0.0
0.0
0.0
0.0
0.0
0.0
0.0
12.6
37.8
0.0
0.0
0.0
0.0
0.0
0.0
0.0
0.0
0.0
0.0
0.0
0.0
0.0
0.0
0.0
0.0
0.0
0.0
0.0
0.0
0.0
0.0
0.0
0.0
0.0
0.0
0.0
0.0
0.0
0.0
0.0
0.0
0.0
16.6
0.0
0.0
0.0
0.0
0.0
0.0
0.0
0.0
0.0
0.0
0.0
0.0
0.0
0.0
0.0
0.0
6.2
2.6
22.6
0.0
0.0
0.0
0.0
0.0
0.0
0.0
0.0
0.0
0.0
0.0
0.0
0.0
0.0
0.0
0.0
0.0
0.0
0.0
0.0
0.0
0.0
0.0
0.0
0.0
0.0
0.0
0.0
0.0
0.0
0.0
0.0
0.0
0.0
0.0
0.0
0.0
0.0
0.0
0.0
0.0
0.0
0.0
0.0
0.0
0.0
0.0
0.0
0.0
0.0
0.0
0.0
0.0
0.0
0.0
0.0
0.0
0.0
0.0
0.0
0.0
0.0
0.0
0.0
0.0
0.0
0.0
0.0
0.0
0.0
0.0
0.0
0.0
0.0
0.0
0.0
0.0
0.0
0.0
0.0
0.0
0.0
0.0
0.0
0.0
0.0
0.0
0.0
0.0
0.2
0.0
0.0
0.0
0.0
0.0
0.0
14.6
0.0
0.0
0.0
0.0
0.9
0.0
0.0
-99
-99
-99
-99
-99
-99
-99
-99
-99
-99
-99
-99
-99
-99
-99
-99
-99
-99
-99
-99
-99
-99
-99
-99
-99
-99
-99
-99
-99
-99
-99
-99
-99
-99
-99
-99
-99
-99
-99
-99
-99
-99
-99
-99
-99
-99
-99
-99
-99
-99
-99
-99
-99
-99
-99
-99
-99
-99
-99
-99
-99
-99
-99
-99
-99
-99
-99
-99
-99
-99
-99
-99
-99
-99
-99
-99
-99
-99
-99
-99
-99
-99
-99
-99
-99
-99
-99
-99
-99
-99
-99
20.0
14.8
2.4
2.8
21.0
0.0
0.0
0.6
0.0
0.8
8.7
14.6
5.8
10.6
0.0
16.6
0.0
0.0
0.0
0.0
0.0
0.0
0.0
0.0
0.0
0.0
3.6
6.6
3.6
0.0
0.0
0.0
0.0
0.0
0.6
2.2
0.0
0.0
0.0
0.0
0.0
23.4
7.2
9.4
18.8
0.0
6.6
6.2
9.8
14.3
16.8
0.0
0.0
0.0
16.6
9.2
2.2
40.2
0.0
0.0
0.0
0.0
0.0
2.6
5.3
12.6
9.4
0.0
0.2
36.8
12.6
1.4
2.3
8.2
0.8
6.4
0.0
0.0
0.0
0.0
0.0
0.0
3.8
0.7
0.0
0.0
10.0
21.8
23.2
49.6
-99
-99
-99
-99
-99
-99
-99
-99
-99
-99
-99
-99
-99
-99
-99
-99
-99
-99
-99
-99
-99
-99
-99
-99
-99
-99
-99
-99
-99
-99
-99
-99
-99
-99
-99
-99
-99
-99
-99
-99
-99
-99
-99
-99
-99
-99
-99
-99
-99
-99
-99
-99
-99
-99
-99
-99
-99
-99
-99
-99
-99
-99
-99
-99
-99
-99
-99
-99
-99
-99
-99
-99
-99
-99
-99
-99
-99
-99
-99
-99
-99
-99
-99
-99
-99
-99
-99
-99
-99
-99
-99
-99
-99
-99
-99
-99
-99
-99
-99
-99
-99
-99
-99
-99
-99
-99
-99
-99
-99
-99
-99
-99
-99
-99
-99
-99
-99
-99
-99
-99
-99
-99
-99
-99
-99
-99
-99
-99
-99
-99
-99
-99
-99
-99
-99
-99
-99
-99
-99
-99
-99
-99
-99
-99
-99
-99
-99
-99
-99
-99
-99
-99
-99
0.0
0.0
0.0
0.0
0.0
0.0
0.0
0.0
0.0
0.0
0.0
0.0
0.0
0.0
0.0
0.0
0.0
0.0
0.0
0.0
0.0
0.0
0.0
0.0
0.0
0.0
0.0
0.0
0.0
0.0
0.0
0.0
0.0
0.0
0.0
0.0
0.0
0.0
0.0
0.0
0.0
0.0
0.0
0.0
0.0
0.0
0.0
0.0
0.0
0.0
0.0
0.0
0.0
0.0
0.0
0.0
0.0
0.0
6.2
0.0
0.0
16.4
18.6
18.2
0.0
0.0
0.0
0.0
0.0
0.0
0.0
0.0
0.0
0.0
0.0
0.0
0.0
0.0
0.0
0.0
0.0
0.0
0.0
0.0
0.0
0.0
0.0
0.0
0.0
0.0
5.4
5.2
0.0
0.0
27.8
13.8
0.0
2.8
32.2
39.4
0.0
11.8
17.4
0.0
0.0
0.0
0.0
0.0
12.4
32.6
8.3
0.0
1.2
2.8
0.0
0.0
0.0
24.3
3.6
0.0
24.8
4.5
-99
-99
-99
-99
-99
-99
-99
-99
-99
-99
-99
-99
-99
-99
-99
-99
-99
-99
-99
-99
-99
-99
-99
-99
-99
-99
-99
-99
-99
-99
-99
-99
-99
-99
-99
-99
-99
-99
-99
-99
-99
-99
-99
-99
-99
-99
-99
-99
-99
-99
-99
-99
-99
-99
-99
-99
-99
-99
-99
-99
-99
-99
20.0
2.8
0.8
31.8
1.2
1.8
0.0
1.4
0.0
4.8
2.4
0.0
0.0
0.0
0.0
0.0
0.0
0.0
17.8
9.7
17.7
17.5
10.2
3.6
6.2
2.4
0.0
0.0
0.0
0.0
0.0
3.4
58.8
18.4
5.4
6.9
6.8
23.3
0.8
0.7
1.4
5.6
0.0
0.0
0.0
0.0
0.0
1.6
0.0
7.2
60.1
9.4
0.0
0.0
0.0
0.0
0.0
0.0
0.0
-99
-99
-99
-99
-99
-99
-99
-99
-99
-99
-99
-99
-99
-99
-99
-99
-99
-99
-99
-99
-99
-99
-99
-99
-99
-99
-99
-99
-99
-99
-99
-99
-99
-99
-99
-99
-99
-99
-99
-99
-99
-99
-99
-99
-99
-99
-99
-99
-99
-99
-99
-99
-99
-99
-99
-99
-99
-99
-99
-99
-99
-99
-99
-99
-99
-99
-99
-99
-99
-99
-99
-99
-99
-99
-99
-99
-99
-99
-99
-99
-99
-99
-99
-99
-99
-99
-99
-99
-99
-99
-99
-99
-99
-99
-99
-99
-99
-99
-99
-99
-99
-99
-99
-99
-99
-99
-99
-99
-99
-99
-99
-99
-99
-99
-99
-99
-99
-99
-99
-99
-99
-99
-99
-99
-99
-99
-99
-99
-99
-99
-99
-99
-99
-99
-99
-99
-99
-99
-99
-99
-99
-99
-99
-99
-99
-99
-99
-99
-99
-99
-99
-99
-99
-99
-99
-99
-99
-99
-99
-99
-99
-99
-99
-99
-99
-99
-99
-99
-99
-99
-99
-99
-99
-99
-99
-99
-99
-99
-99
-99
-99
-99
-99
-99
-99
-99
-99
-99
-99
-99
-99
-99
-99
-99
-99
-99
-99
-99
-99
-99
-99
-99
-99
-99
-99
-99
-99
-99
-99
-99
-99
-99
-99
-99
-99
-99
-99
-99
-99
-99
-99
-99
-99
-99
-99
-99
-99
-99
-99
-99
-99
-99
-99
-99
-99
-99
-99
-99
-99
-99
-99
-99
-99
-99
-99
-99
-99
-99
-99
-99
-99
-99
-99
-99
-99
-99
-99
-99
-99
-99
-99
-99
-99
-99
-99
-99
-99
-99
-99
-99
-99
-99
-99
-99
-99
-99
-99
-99
-99
-99
-99
-99
-99
-99
-99
-99
-99
-99
-99
-99
-99
-99
-99
-99
0.0
0.0
0.0
0.0
0.0
0.0
42.0
41.2
0.0
0.0
0.0
0.0
0.0
0.0
0.0
0.0
9.4
21.8
89.2
27.6
4.6
0.0
0.0
3.2
0.0
6.4
15.2
0.0
12.8
0.0
19.8
0.8
0.6
4.4
1.2
0.0
15.2
2.2
0.4
0.0
13.6
0.0
14.8
18.4
1.2
12.8
3.4
10.3
0.0
0.0
0.0
0.0
3.2
1.8
0.0
0.0
3.4
0.0
11.8
23.5
84.2
0.0
28.4
0.0
1.4
2.2
22.8
23.6
0.0
0.0
0.0
0.0
1.8
0.0
3.2
0.6
0.0
12.2
2.8
8.2
0.0
26.2
0.0
41.3
0.0
0.0
0.0
3.3
0.0
0.0
0.8
1.0
32.4
0.0
30.2
0.0
0.0
0.0
0.0
0.0
0.0
1.8
3.8
24.3
0.0
0.0
0.0
0.0
0.0
0.0
0.0
0.0
0.0
0.0
0.0
0.0
19.0
0.0
7.2
0.0
0.0
0.0
0.0
0.0
0.0
0.0
0.0
0.0
0.0
0.0
0.0
0.0
0.0
0.0
0.0
1.4
0.0
0.0
0.0
0.0
0.0
0.0
0.0
0.0
0.0
0.0
0.0
0.0
0.0
0.0
0.0
0.0
0.0
0.0
0.0
0.0
0.0
0.0
0.0
0.0
0.0
0.0
0.0
0.0
0.0
0.0
0.0
0.0
0.0
0.0
0.0
0.0
0.0
0.0
0.0
0.0
0.0
0.0
0.0
0.0
0.0
0.0
0.0
0.0
0.0
0.0
0.0
0.0
0.0
0.0
0.0
0.0
0.0
0.0
0.0
0.0
0.0
0.0
0.0
0.0
0.0
0.0
0.0
0.0
0.0
0.0
0.0
0.0
0.0
0.0
0.0
0.0
0.0
0.0
0.0
0.0
0.0
0.0
0.0
0.0
0.0
0.0
0.0
0.0
0.0
0.0
0.0
0.0
0.0
0.0
0.0
0.0
0.0
0.0
0.0
0.0
0.0
0.0
0.0
0.0
0.0
0.0
0.0
0.0
0.0
0.0
0.0
0.0
0.0
2.2
0.0
0.0
18.4
0.0
0.0
0.0
0.0
0.0
0.0
3.6
0.0
6.8
4.4
0.0
0.0
7.8
0.0
0.0
0.0
0.0
0.0
0.0
0.0
0.0
0.0
2.6
0.0
5.8
0.0
0.0
14.2
0.4
0.0
0.0
2.8
0.0
0.0
24.6
0.0
1.6
3.4
0.0
32.6
0.0
0.0
3.4
0.0
0.0
0.0
0.0
3.6
0.0
48.4
0.4
2.2
46.3
14.8
1.0
23.2
2.8
10.4
7.3
0.4
15.6
12.2
14.5
12.8
0.0
1.2
43.6
32.8
54.6
0.0
21.5
35.6
12.4
1.6
0.0
12.6
0.0
0.0
0.0
0.0
12.6
0.0
0.0
0.0
0.0
3.8
0.0
2.0
6.6
0.0
0.0
0.0
0.0
16.8
1.6
51.4
1.6
57.2
18.3
0.0
1.4
1.3
51.2
2.4
0.0
0.0
0.0
0.0
0.0
0.0
0.6
0.0
2.4
1.2
2.6
13.6
12.2
10.6
80.2
22.6
6.6
4.8
0.0
0.4
0.0
0.0
0.0
2.4
0.0
30.2
24.2
20.2
10.2
1.5
0.0
0.0
8.8
0.0
9.8
19.6
1.2
0.0
0.0
1.8
18.6
3.8
0.0
37.2
68.8
0.0
5.5
0.0
11.6
4.8
1.3
84.6
0.8
0.0
36.2
10.0
0.0
0.0
0.0
0.0
0.0
0.0
2.8
0.0
0.0
0.0
0.0
0.0
30.8
14.4
0.0
3.2
22.2
22.6
36.6
2.2
0.0
10.6
0.0
0.0
0.0
0.0
0.0
0.0
0.0
0.6
0.8
1.6
6.2
0.0
7.8
0.0
1.4
1.8
12.2
13.6
5.2
39.6
0.3
0.0
1.8
9.2
9.4
5.4
0.0
0.0
0.0
0.0
0.0
0.0
0.0
0.0
0.0
0.0
0.0
0.0
0.0
0.0
0.0
0.0
0.0
0.0
0.0
0.0
2.4
4.6
3.1
0.0
0.0
0.0
0.0
0.0
0.0
0.0
1.6
0.0
0.0
0.0
0.0
0.0
0.0
0.0
0.0
0.0
0.0
0.0
0.0
0.0
0.0
0.0
0.0
0.0
0.0
0.0
0.0
0.0
0.0
0.0
0.0
0.0
0.0
0.0
0.0
0.0
0.0
0.0
0.0
0.0
0.0
0.0
0.0
0.0
0.0
0.0
0.0
0.0
0.0
0.0
0.0
0.0
0.0
0.0
0.0
0.0
0.0
0.0
0.0
0.0
0.0
0.0
0.0
0.0
0.0
0.0
0.0
0.0
0.0
0.0
0.0
0.0
0.0
0.0
0.0
0.0
0.0
0.0
0.0
0.0
0.0
0.0
0.0
0.0
0.0
0.0
0.0
0.0
0.0
0.0
0.0
0.0
0.0
0.0
0.0
0.0
0.0
0.0
0.0
0.0
0.0
0.0
0.0
0.0
0.0
0.0
0.0
0.0
0.0
0.0
0.0
0.0
0.0
0.0
0.0
0.0
0.0
0.0
0.0
0.0
0.0
0.0
0.0
0.0
0.0
0.0
28.2
4.1
0.0
0.0
0.0
0.0
0.0
0.0
0.0
-99
-99
-99
-99
-99
-99
-99
-99
-99
-99
-99
-99
-99
-99
-99
-99
-99
-99
-99
-99
-99
-99
-99
-99
-99
-99
-99
-99
-99
-99
-99
-99
-99
-99
-99
-99
-99
-99
-99
-99
-99
-99
-99
-99
-99
-99
-99
-99
-99
-99
-99
-99
-99
-99
-99
-99
-99
-99
-99
-99
-99
-99
-99
-99
-99
-99
-99
-99
-99
-99
-99
-99
-99
-99
-99
-99
-99
-99
-99
-99
-99
-99
-99
-99
-99
-99
-99
-99
-99
-99
-99
-99
-99
-99
-99
-99
-99
-99
-99
-99
-99
-99
-99
-99
-99
-99
-99
-99
-99
-99
-99
-99
-99
-99
-99
-99
-99
-99
-99
-99
-99
-99
-99
-99
-99
-99
-99
-99
-99
-99
-99
-99
-99
-99
-99
-99
-99
-99
-99
-99
-99
-99
-99
-99
-99
-99
-99
-99
-99
-99
-99
-99
-99
-99
-99
-99
-99
-99
-99
-99
-99
-99
-99
-99
-99
-99
-99
-99
-99
-99
-99
-99
-99
-99
-99
-99
-99
-99
-99
-99
-99
-99
-99
-99
-99
-99
-99
-99
-99
-99
-99
-99
-99
-99
-99
-99
-99
-99
-99
-99
-99
-99
-99
-99
-99
-99
-99
-99
-99
-99
-99
-99
-99
-99
-99
-99
-99
-99
-99
-99
-99
-99
-99
-99
-99
-99
-99
-99
-99
-99
-99
-99
-99
-99
-99
-99
-99
-99
-99
-99
-99
-99
-99
-99
-99
-99
-99
-99
-99
-99
-99
-99
-99
-99
-99
-99
-99
-99
-99
-99
-99
-99
-99
-99
-99
-99
-99
-99
-99
-99
-99
-99
-99
-99
-99
-99
-99
-99
-99
-99
-99
-99
-99
-99
-99
-99
-99
-99
-99
-99
-99
-99
-99
-99
-99
-99
-99
-99
-99
-99
-99
-99
-99
-99
-99
-99
-99
-99
-99
-99
-99
-99
-99
-99
-99
-99
107.3
0.0
0.0
0.0
0.0
0.0
0.0
0.0
0.0
0.0
0.0
0.0
0.0
0.0
0.0
0.0
0.0
0.0
0.0
0.0
0.0
0.0
0.0
0.0
0.0
0.0
0.0
0.0
0.0
0.0
0.0
0.0
0.0
0.0
0.0
0.0
0.0
0.0
0.0
0.0
0.0
0.0
0.0
0.0
1.2
0.0
0.0
0.0
2.3
0.0
3.6
0.0
0.0
0.0
0.0
0.0
0.0
0.0
0.0
17.8
0.0
27.6
2.8
4.6
0.0
2.6
0.0
0.0
1.2
2.4
0.0
0.0
0.0
0.0
3.2
0.0
0.0
0.0
0.0
9.2
3.8
0.0
0.0
0.0
2.6
10.8
0.0
0.0
1.2
2.8
14.2
8.5
63.5
8.6
1.3
5.2
2.2
1.3
17.6
39.8
2.3
5.8
50.8
0.0
0.0
0.0
0.0
3.9
36.8
1.9
3.6
8.9
29.8
9.7
14.6
0.0
10.8
1.8
5.2
0.0
1.6
17.2
0.0
27.4
0.0
10.2
20.6
43.5
5.3
32.2
11.2
0.0
0.0
19.8
4.8
0.0
0.0
1.4
0.1
9.3
21.4
25.0
19.2
10.1
6.2
0.0
3.4
10.0
9.9
26.5
4.4
11.4
0.0
0.0
5.0
0.0
0.0
0.0
0.0
2.1
0.0
0.0
0.0
9.5
0.0
0.0
4.1
0.6
0.0
2.8
0.0
0.0
1.0
0.0
33.8
0.0
0.0
51.7
6.1
5.5
7.3
2.1
1.0
0.0
5.1
0.0
0.2
10.9
27.3
40.3
0.0
40.2
0.6
1.7
0.0
0.0
0.0
0.0
0.0
0.0
0.0
0.0
0.0
0.0
6.3
0.0
0.0
0.0
0.0
0.0
0.0
0.0
0.0
3.9
1.8
22.4
0.6
0.0
0.0
0.0
0.0
0.0
0.0
0.0
0.0
0.0
0.0
0.0
0.0
0.0
0.0
0.0
0.0
0.0
0.0
0.0
0.0
0.0
0.0
0.0
0.0
1.0
25.0
0.0
16.2
0.0
0.0
0.0
0.0
0.0
0.0
0.0
0.0
0.3
0.0
0.0
0.0
0.0
0.0
0.0
0.0
0.0
0.0
0.0
0.0
0.1
0.0
0.0
0.0
0.0
0.0
0.0
0.0
0.0
0.0
0.0
0.0
0.0
0.1
0.0
0.0
0.0
0.0
0.0
0.0
0.0
0.0
0.0
0.0
0.0
0.0
0.0
0.0
0.0
0.0
0.0
0.0
0.0
0.0
0.0
0.0
0.0
0.0
0.0
0.0
0.0
0.0
0.0
0.0
0.0
0.0
0.0
0.0
0.0
0.0
0.0
0.0
0.0
0.0
0.0
0.0
0.0
0.0
0.0
0.0
0.0
0.0
0.0
0.0
0.0
0.0
0.0
0.0
0.0
0.0
0.0
0.0
0.0
0.0
0.0
0.0
0.0
0.0
0.0
0.0
0.0
0.0
0.0
0.0
0.0
0.0
0.0
0.0
0.0
0.0
0.0
0.0
0.0
0.0
0.0
0.0
0.0
0.0
0.0
0.0
0.0
0.0
0.0
0.0
0.0
0.0
0.0
0.0
0.0
0.0
0.0
0.0
0.0
0.0
0.0
0.0
0.0
0.0
0.0
0.0
0.0
0.0
0.0
0.0
0.0
0.0
0.0
0.0
0.0
0.0
0.0
0.0
0.0
0.0
0.0
0.0
1.6
3.4
0.0
0.0
18.0
0.0
0.0
11.6
0.0
0.0
0.0
0.0
0.0
0.0
0.0
0.0
0.0
0.0
0.0
0.0
0.0
0.0
0.0
0.0
0.0
15.5
0.0
0.0
0.0
0.0
0.0
0.0
0.0
0.0
0.5
0.0
9.2
0.0
0.0
0.0
0.0
0.0
0.0
0.0
5.0
0.8
37.2
12.0
0.0
0.0
2.1
7.0
7.0
0.0
13.7
21.8
33.0
25.7
2.3
0.8
0.0
30.5
16.3
0.0
0.0
10.9
1.1
5.7
8.3
5.2
6.0
3.5
2.7
2.9
2.1
0.9
23.1
0.0
0.0
6.1
0.0
4.3
10.1
0.0
21.0
18.3
24.7
3.7
0.0
16.0
0.0
5.3
0.0
15.5
1.3
0.0
0.3
45.8
3.5
9.3
0.0
0.0
2.1
0.0
8.1
0.0
1.0
0.0
7.2
5.2
0.3
5.4
15.0
20.4
0.0
0.0
3.2
41.3
43.5
0.0
2.6
0.0
0.0
0.2
0.0
1.3
0.9
21.0
13.9
20.6
10.2
8.7
16.4
29.8
20.1
0.2
6.0
0.8
0.1
0.9
6.3
0.0
0.0
0.0
1.3
0.0
0.0
0.0
13.5
0.0
3.4
0.0
12.0
3.1
8.9
0.0
0.0
0.0
0.0
0.0
0.0
0.0
0.0
0.0
0.0
0.0
0.0
3.1
15.0
9.7
6.0
6.4
0.9
13.1
9.0
15.2
8.2
3.4
10.6
5.4
3.0
7.6
0.0
0.0
3.1
0.0
4.7
1.3
0.0
0.0
0.0
0.0
0.0
9.3
1.0
0.0
0.0
0.0
0.0
0.0
0.0
21.0
13.2
17.3
21.0
27.8
11.5
15.4
2.5
3.0
0.0
0.0
0.0
0.0
0.0
0.0
0.0
0.0
0.0
0.0
0.0
0.0
1.0
0.0
16.2
0.0
0.0
0.0
0.0
0.0
0.0
0.0
0.0
0.0
0.0
0.0
0.0
0.0
0.0
0.0
0.0
0.0
0.0
0.0
0.0
0.0
0.0
0.0
0.0
0.0
0.0
0.0
0.0
0.0
0.0
0.0
0.0
0.0
0.0
0.0
0.0
0.0
0.0
0.0
0.0
0.0
0.0
0.0
4.7
0.0
0.0
0.0
2.5
0.0
0.0
0.0
0.0
0.0
0.0
0.0
0.0
0.0
0.0
0.0
0.0
0.0
0.0
0.0
0.0
0.0
0.0
0.0
0.0
0.0
0.0
0.0
0.0
0.0
0.0
0.0
0.0
0.0
0.0
0.0
0.0
0.0
0.0
0.0
0.0
0.0
0.0
0.0
0.0
0.0
0.0
0.0
0.0
0.0
0.0
0.0
0.0
0.0
0.0
0.0
0.0
0.0
0.0
0.0
0.0
0.0
0.0
0.0
0.0
0.0
0.0
0.0
0.0
0.0
0.0
0.0
0.0
0.0
4.6
0.0
8.0
0.0
27.5
0.0
0.3
0.0
0.0
0.0
0.0
0.0
0.0
0.0
0.0
0.0
0.0
0.0
0.0
0.0
0.0
0.0
0.0
0.0
0.0
0.0
0.0
0.0
0.0
0.0
0.0
0.0
1.5
0.0
1.7
0.0
0.0
11.0
17.8
0.0
0.0
8.0
2.0
0.6
0.0
26.0
0.0
0.0
0.0
4.3
0.0
0.0
0.0
0.0
0.0
0.0
5.6
8.1
0.0
0.0
0.0
0.9
0.0
9.7
7.5
0.0
0.0
0.0
9.5
0.0
0.0
0.0
1.0
0.0
0.0
0.0
0.0
0.0
0.0
0.0
0.0
0.0
0.0
0.0
7.5
0.0
47.8
4.5
5.5
26.2
3.7
6.5
9.1
22.8
0.0
0.0
0.0
17.6
0.0
5.3
11.1
1.4
16.6
0.0
0.0
0.0
0.0
3.5
0.0
6.4
0.0
0.0
0.0
0.0
0.0
0.0
25.9
43.5
0.1
39.8
55.0
3.5
20.0
0.1
5.2
0.0
13.5
0.0
